Iter	HR	R.cor
1	50	-0.0449006333293168
1	90	-0.0305294793036353
2	50	-0.0865998104784596
2	90	-0.0724038693861666
3	50	-0.0580038446004188
3	90	-0.0511960233048041
4	50	-0.171595596559417
4	90	-0.158942568432889
5	50	-0.0768212825352274
5	90	-0.0878807909344052
6	50	-0.149200064355982
6	90	-0.124207827436163
7	50	-0.116682704536156
7	90	-0.11423549086606
8	50	-0.0790539561142947
8	90	-0.063084336058649
9	50	-0.0176233918900187
9	90	-0.0212995681357715
10	50	-0.127704626379755
10	90	-0.0966982688165877
11	50	-0.107082237980188
11	90	-0.0996517393560931
12	50	-0.000999318797716156
12	90	-0.0475015587331448
13	50	-0.05538783781822
13	90	-0.0469274855447504
14	50	-0.126412536284554
14	90	-0.0894036553516529
15	50	-0.111266247957753
15	90	-0.137959498612642
16	50	-0.173016642063099
16	90	-0.136931918921498
17	50	-0.0315477965547637
17	90	-0.0500044595069787
18	50	-0.0706908631284354
18	90	-0.0483395963674846
19	50	-0.122726784874875
19	90	-0.0883812507614062
20	50	-0.195554521237747
20	90	-0.16247800058285
21	50	-0.127322723748008
21	90	-0.125743278779529
22	50	-0.045523006896979
22	90	-0.0534141458154949
23	50	-0.1346307575808
23	90	-0.0956332243410185
24	50	-0.108392779269006
24	90	-0.108257925106807
25	50	-0.098412446203523
25	90	-0.099164406533198
26	50	-0.103503566997475
26	90	-0.0853320123882306
27	50	-0.111734958263607
27	90	-0.121618249145183
28	50	-0.153567515451818
28	90	-0.119084156180188
29	50	-0.136587509240248
29	90	-0.104759018858838
30	50	0.0161085188165026
30	90	-0.0259139644582157
31	50	-0.0422634435306726
31	90	-0.063930943661598
32	50	-0.0199837994333635
32	90	-0.0373023361272803
33	50	-0.0414622445563932
33	90	-0.0391849188326031
34	50	-0.0848371819214403
34	90	-0.0775260570374932
35	50	-0.101285716318728
35	90	-0.139531972936079
36	50	-0.131075835755116
36	90	-0.116953861991425
37	50	0.00157290722994728
37	90	0.00162996387837067
38	50	-0.116075143285239
38	90	-0.067048508162252
39	50	0.023377942265491
39	90	0.00309005968983061
40	50	-0.0753175122928977
40	90	-0.0480383297417084
41	50	-0.0822944147996262
41	90	-0.0782213619467609
42	50	-0.0609982304292594
42	90	-0.0782418354492096
43	50	-0.127924310677562
43	90	-0.0780350082378648
44	50	-0.0836710665939833
44	90	-0.060646090787581
45	50	-0.106107957737775
45	90	-0.135101778110635
46	50	-0.168392305702392
46	90	-0.109931415614605
47	50	-0.0763133596897389
47	90	-0.0661630192441916
48	50	-0.11263419215695
48	90	-0.114962241780483
49	50	-0.0633474952023874
49	90	-0.0900502908366178
50	50	-0.116119429323885
50	90	-0.0970468023105537
51	50	-0.0886278310789262
51	90	-0.0932991886489447
52	50	-0.0102752778130901
52	90	-0.0269956680222774
53	50	-0.0331748204815932
53	90	-0.0243099282746728
54	50	-0.0957791714006021
54	90	-0.119837253701684
55	50	-0.0325902500496324
55	90	-0.0255885841939396
56	50	-0.228416833671319
56	90	-0.159656978408949
57	50	-0.0971191243744833
57	90	-0.0775838223444929
58	50	-0.132562907934132
58	90	-0.1261270432233
59	50	-0.103023316307561
59	90	-0.0706083643661301
60	50	-0.107289639588593
60	90	-0.0994651062156205
61	50	-0.177072775051895
61	90	-0.113992582706827
62	50	-0.139976138535674
62	90	-0.0949980079951536
63	50	-0.0700578052511523
63	90	-0.0387790032480441
64	50	-0.0162456504053768
64	90	-0.0258113061333077
65	50	-0.0561351770463341
65	90	-0.0511531796168333
66	50	-0.12603739198229
66	90	-0.103637917428556
67	50	-0.139641724691412
67	90	-0.08612681963811
68	50	0.0343174120608716
68	90	-0.00746526472818387
69	50	-0.0378775144001942
69	90	-0.0689915238756042
70	50	-0.179805067243298
70	90	-0.139072393539359
71	50	-0.112738115651302
71	90	-0.0788091246686193
72	50	-0.0369874375548863
72	90	-0.0567522543821353
73	50	-0.0898437514906796
73	90	-0.0919823783035026
74	50	-0.0596296017389099
74	90	-0.0483662235442205
75	50	-0.131756084661187
75	90	-0.0744151654579607
76	50	-0.160242789969938
76	90	-0.100890663665413
77	50	-0.0678415751727875
77	90	-0.0821795398271423
78	50	-0.0432951766771521
78	90	-0.0319530535474618
79	50	-0.124089952125501
79	90	-0.107892784531392
80	50	-0.196925741216001
80	90	-0.158637096463954
81	50	-0.009162946871179
81	90	-0.0431027541689741
82	50	-0.0517469433390486
82	90	-0.0842861473083381
83	50	-0.109781636307392
83	90	-0.0729177305183815
84	50	-0.0927310788658214
84	90	-0.0667269789757293
85	50	-0.129846516960869
85	90	-0.144210577434075
86	50	-0.011192106513417
86	90	-0.0612480220214193
87	50	-0.114642916296348
87	90	-0.107686174172021
88	50	-0.134984742613833
88	90	-0.0672853196295951
89	50	-0.14839391897874
89	90	-0.1281605721161
90	50	-0.100369306216806
90	90	-0.0952823194315135
91	50	-0.136012865726054
91	90	-0.0975470776775173
92	50	-0.131069955222439
92	90	-0.0761652307994529
93	50	-0.0707743915629095
93	90	-0.0702054806450306
94	50	-0.110270954954836
94	90	-0.0838910680308067
95	50	-0.14148990938684
95	90	-0.086296195775099
96	50	-0.108449864446006
96	90	-0.107535085861415
97	50	-0.090289035275247
97	90	-0.0420393952980269
98	50	-0.277534301740247
98	90	-0.248523268066918
99	50	-0.0249631121357956
99	90	-0.0162392363020453
100	50	-0.091100680630442
100	90	-0.0883795707432574
101	50	-0.00788868063511176
101	90	-0.0455477437967019
102	50	-0.0999864489432514
102	90	-0.0569485621984237
103	50	-0.125394127023366
103	90	-0.105089258546334
104	50	-0.114003917955537
104	90	-0.0944880230913337
105	50	-0.0415512822844175
105	90	-0.0634406333720942
106	50	-0.0657847675623993
106	90	-0.0677988435488157
107	50	-0.0213250519437843
107	90	-0.0327998427306996
108	50	-0.0250869469525563
108	90	-0.05125299970649
109	50	-0.0113018444521669
109	90	-0.0223728454289456
110	50	-0.190533131200746
110	90	-0.184784920030676
111	50	-0.0637111902362718
111	90	-0.0660193159243201
112	50	-0.0235522366289919
112	90	-0.0472956106277125
113	50	-0.119479980748608
113	90	-0.0992833415575219
114	50	-0.1125451927799
114	90	-0.112783331786755
115	50	0.00681615799418433
115	90	0.00198005426212411
116	50	-0.0625090539020783
116	90	-0.0364169911948177
117	50	-0.141865526706236
117	90	-0.121370227265958
118	50	-0.191884511354891
118	90	-0.110999996297644
119	50	-0.173761695339037
119	90	-0.12274303896198
120	50	-0.146295607049415
120	90	-0.100605861940643
121	50	-0.000737618678923681
121	90	-0.0200492235683801
122	50	-0.136238229247481
122	90	-0.110047817430346
123	50	-0.123954899329361
123	90	-0.130958803217101
124	50	-0.0986646890206722
124	90	-0.0898614174467932
125	50	-0.0793809449893366
125	90	-0.114745799257901
126	50	-0.0551462295246354
126	90	-0.0515323147345516
127	50	-0.0624286941966099
127	90	-0.0559778638682815
128	50	-0.152973905169994
128	90	-0.115198342543415
129	50	-0.0275466045807145
129	90	-0.0638516825887913
130	50	-0.0522986779601405
130	90	-0.0800839139631467
131	50	-0.0946111286878222
131	90	-0.0720066830258236
132	50	-0.130196590262058
132	90	-0.12023166302163
133	50	-0.0684829307334695
133	90	-0.0838492056555517
134	50	-0.0681101106004949
134	90	-0.0698688506004134
135	50	-0.0275812464028187
135	90	0.0263205677868944
136	50	-0.089035103085157
136	90	-0.081090429974751
137	50	-0.0562761428704934
137	90	-0.0765137708610556
138	50	-0.0109954197289831
138	90	-0.0415650097151597
139	50	-0.117417068683078
139	90	-0.142946405951184
140	50	-0.0402560805204768
140	90	-0.0417635756796643
141	50	-0.0986052685245907
141	90	-0.0709717226894958
142	50	-0.0825762519859564
142	90	-0.0939048871280439
143	50	-0.0406573747300334
143	90	-0.0360545437158736
144	50	-0.101862285982945
144	90	-0.0986527283063341
145	50	0.00964625398329411
145	90	0.0118636910116781
146	50	-0.0866116760513292
146	90	-0.0728147598525216
147	50	-0.209324790692069
147	90	-0.167435630062812
148	50	-0.223297273752102
148	90	-0.166567362207709
149	50	-0.108787240105062
149	90	-0.0651234830203655
150	50	-0.0851384843794601
150	90	-0.0346816353196071
151	50	-0.0844259975229121
151	90	-0.111244559773108
152	50	-0.213937620930431
152	90	-0.133960558729711
153	50	-0.189149029224279
153	90	-0.163288860882432
154	50	-0.076464252568605
154	90	-0.0585251097172191
155	50	-0.0964546944170131
155	90	-0.0977725165449378
156	50	-0.131397535729445
156	90	-0.03656829621651
157	50	0.0116857734823836
157	90	-0.0218335856439731
158	50	-0.0506764015381362
158	90	-0.0451075263841798
159	50	-0.226645366574118
159	90	-0.191357170542487
160	50	-0.0816710350971903
160	90	-0.0762630635656167
161	50	-0.0422223605266037
161	90	-0.0762794198574946
162	50	-0.0827438534015296
162	90	-0.0844383401807659
163	50	-0.10175081369321
163	90	-0.081795298666339
164	50	-0.0937374137470535
164	90	-0.0691146130365402
165	50	-0.0787046010182895
165	90	-0.0714269046203586
166	50	-0.140986999055482
166	90	-0.154322039044766
167	50	-0.0996598355306783
167	90	-0.0478936797766427
168	50	0.0201073876512967
168	90	-0.0138490425592872
169	50	-0.0783144163523983
169	90	-0.119810553324808
170	50	0.0074013977345271
170	90	-0.0473659416146281
171	50	-0.0416515220570761
171	90	-0.0239276198526408
172	50	-0.108085497228507
172	90	-0.140569543336045
173	50	-0.0353235478770614
173	90	-0.0218546837629482
174	50	-0.0430914925964252
174	90	-0.0542844081267234
175	50	-0.129003377225104
175	90	-0.0812431621195128
176	50	-0.0397047791501929
176	90	-0.0620083676372099
177	50	-0.126112506599395
177	90	-0.125558149195098
178	50	-0.165250031190995
178	90	-0.133440062765088
179	50	0.028115491783221
179	90	-0.00508377125695932
180	50	-0.0216082761064113
180	90	-0.036962828806435
181	50	-0.0435094215137828
181	90	-0.0728501065465046
182	50	-0.0899972007279504
182	90	-0.0883934026056575
183	50	-0.0599293269323278
183	90	-0.0634953799944418
184	50	-0.0476307542198417
184	90	-0.0686044904079274
185	50	-0.0042080646431335
185	90	-0.0279052628606551
186	50	-0.135050492940192
186	90	-0.0802708921676448
187	50	-0.142460895416712
187	90	-0.104432890990654
188	50	-0.168381423357485
188	90	-0.132435407922818
189	50	-0.0880417897059326
189	90	-0.0915651584804438
190	50	-0.176611370917936
190	90	-0.106413891394623
191	50	-0.128188261002084
191	90	-0.118310991708841
192	50	-0.180210086810914
192	90	-0.181352271301281
193	50	-0.120311488174591
193	90	-0.112221745730911
194	50	-0.0160184907496845
194	90	-0.0041631032663159
195	50	-0.126702782805804
195	90	-0.107333953542265
196	50	-0.0511171494752741
196	90	-0.0449793353488588
197	50	-0.0906575322788824
197	90	-0.0633947882229784
198	50	-0.0554629215780535
198	90	-0.052693605555716
199	50	-0.178829526430739
199	90	-0.118539646207955
200	50	-0.122187958946598
200	90	-0.0959701578311744
201	50	-0.11746961951157
201	90	-0.0804672928887783
202	50	-0.0452473423365242
202	90	-0.0613734673767146
203	50	-0.105005067488581
203	90	-0.131231207060713
204	50	-0.0631334749252991
204	90	-0.0955466938910515
205	50	-0.0649366461033816
205	90	-0.0567305062088617
206	50	-0.147610372386852
206	90	-0.149106782428464
207	50	-0.0802831585505247
207	90	-0.0547903862559219
208	50	-0.0896488246604006
208	90	-0.0753053662077717
209	50	-0.0647769991744606
209	90	-0.108823773618455
210	50	-0.0395341195485243
210	90	-0.00986396110222366
211	50	-0.124421130273873
211	90	-0.139191026276065
212	50	-0.131005979399092
212	90	-0.125586070747108
213	50	-0.067499054164558
213	90	-0.0557100937859674
214	50	-0.0603325849642671
214	90	-0.103658122613517
215	50	-0.0403281074023826
215	90	-0.07285994096487
216	50	-0.161280251737431
216	90	-0.105818261549555
217	50	-0.0590702882325044
217	90	-0.0585636878740145
218	50	-0.0897914256993943
218	90	-0.0974345684780975
219	50	-0.00424722912258815
219	90	-0.0205866018620442
220	50	-0.123672112006067
220	90	-0.0629222751729058
221	50	-0.0645449545782026
221	90	-0.0991624273232865
222	50	-0.0515168305006002
222	90	-0.0779958419135835
223	50	-0.202583019722729
223	90	-0.133403335862644
224	50	-0.0858127436498084
224	90	-0.0715114943155048
225	50	-0.0966909710929048
225	90	-0.0869137464432593
226	50	0.00149830849868974
226	90	-0.0414853424956751
227	50	-0.173177975825585
227	90	-0.188452632307364
228	50	-0.0873371830655336
228	90	-0.0989762169010835
229	50	-0.111538097187714
229	90	-0.0911417961736558
230	50	-0.140114813167068
230	90	-0.120189416845713
231	50	-0.132025297439214
231	90	-0.07456655766198
232	50	-0.152852027998421
232	90	-0.103334860413751
233	50	-0.104217045328321
233	90	-0.118845713311129
234	50	-0.0452641243120433
234	90	-0.079016182568524
235	50	-0.120106944832835
235	90	-0.0684785998628227
236	50	-0.0817491127578252
236	90	-0.054392431531649
237	50	-0.143167629088857
237	90	-0.134997308038059
238	50	-0.152813516408099
238	90	-0.138568945855364
239	50	-0.231996771384353
239	90	-0.208398894004597
240	50	-0.120035491305508
240	90	-0.170113671867988
241	50	-0.00278494005240134
241	90	0.0249078088197272
242	50	-0.045636120560832
242	90	-0.0379769964786907
243	50	0.0100378721071097
243	90	-0.0120673952458278
244	50	-0.120079429099361
244	90	-0.147232368987536
245	50	-0.0566860826416035
245	90	-0.0687159210151269
246	50	-0.0416214895943435
246	90	-0.0699290495076429
247	50	-0.117591694089659
247	90	-0.133944177355129
248	50	-0.0325282283445185
248	90	-0.0517862063068666
249	50	-0.0841996012362337
249	90	-0.109840948882881
250	50	-0.232687680176822
250	90	-0.164610134152865
251	50	-0.0134704905170493
251	90	-0.0716239470247091
252	50	-0.146344851398065
252	90	-0.151199688316046
253	50	-0.067437470099772
253	90	-0.033970030499815
254	50	-0.050371031838683
254	90	-0.0592724047959631
255	50	-0.112248753141558
255	90	-0.117631099403646
256	50	-0.142078494671924
256	90	-0.0994043207620627
257	50	-0.0606297366232626
257	90	-0.0578642242033541
258	50	0.00406501331546486
258	90	0.00134058191308623
259	50	-0.135871281138942
259	90	-0.133056478353276
260	50	-0.139791817663419
260	90	-0.0809895326906855
261	50	-0.182481468724713
261	90	-0.15001249034208
262	50	0.00269687770946876
262	90	-0.0117913549116244
263	50	-0.0155981995825899
263	90	-0.0306387044145345
264	50	-0.146847783891584
264	90	-0.115147344711145
265	50	-0.14413279032265
265	90	-0.110708464128825
266	50	-0.118350513390523
266	90	-0.131633435419438
267	50	-0.0689888732453348
267	90	-0.0683759599341173
268	50	-0.0910379923007826
268	90	-0.0745380983556746
269	50	-0.0432628948518792
269	90	-0.0431106852675314
270	50	-0.0493812638009072
270	90	-0.0719099228093097
271	50	-0.134183457641818
271	90	-0.105612581716335
272	50	-0.0553387564168398
272	90	-0.0573257087415411
273	50	-0.0862732543943053
273	90	-0.0856060382034567
274	50	-0.0994085424748079
274	90	-0.110937849392533
275	50	-0.0349931614717939
275	90	-0.0380336020130378
276	50	-0.168269099917735
276	90	-0.105376422971715
277	50	-0.0854670155768076
277	90	-0.0473715064650012
278	50	-0.0339353576265582
278	90	-0.044637167739868
279	50	-0.0664375128421173
279	90	-0.0454040404823877
280	50	-0.116149191691663
280	90	-0.132722534162136
281	50	-0.0369743120082576
281	90	-0.0381289335548941
282	50	-0.130669560974047
282	90	-0.127121479962818
283	50	-0.0273839307926033
283	90	0.00108356034749827
284	50	-0.0838503923289858
284	90	-0.0516936677073374
285	50	-0.0676068252911104
285	90	-0.0960515830590753
286	50	-0.0824601237997351
286	90	-0.0554916606206804
287	50	-0.0256705633734481
287	90	-0.0435966814951777
288	50	-0.146551335390964
288	90	-0.0991889443956787
289	50	-0.0427014442070876
289	90	-0.0331307281609414
290	50	-0.066144677857762
290	90	-0.076013951637187
291	50	-0.0392959648552234
291	90	-0.0437283909199919
292	50	-0.0459004410689993
292	90	-0.0555681389981891
293	50	-0.0742131896524518
293	90	-0.0922283875540555
294	50	-0.111245511767457
294	90	-0.114002652066713
295	50	-0.149181206669743
295	90	-0.0922487815004592
296	50	-0.0233946458664244
296	90	-0.0226903647963643
297	50	0.022641082288561
297	90	-0.0125321138343211
298	50	-0.118453237713724
298	90	-0.0553508785297349
299	50	-0.0605489464607013
299	90	-0.0912143161994112
300	50	-0.0440092168545282
300	90	-0.0249158995837843
301	50	-0.0479424472044079
301	90	-0.0384426276007039
302	50	0.0572628836955853
302	90	0.00414164402623977
303	50	-0.0583187147243464
303	90	-0.0691827624240774
304	50	-0.0782236822490906
304	90	-0.0728581208469612
305	50	-0.194549127834406
305	90	-0.123568326426309
306	50	-0.0305138171077001
306	90	-0.0291262647118418
307	50	-0.00624616231267689
307	90	-0.017956047601089
308	50	-0.111192806274184
308	90	-0.0809614909493512
309	50	-0.0432971631841123
309	90	-0.0302105200119045
310	50	-0.14421891839008
310	90	-0.1373206250431
311	50	-0.100853640535567
311	90	-0.0671486754839318
312	50	-0.0692954980025472
312	90	-0.0570459613789443
313	50	-0.0989408641649334
313	90	-0.0708815554538369
314	50	-0.156449418928499
314	90	-0.117276807362292
315	50	-0.132866101147111
315	90	-0.132105938264698
316	50	-0.0529953628928111
316	90	-0.074104356215537
317	50	-0.0115605852679524
317	90	-0.00832262606914328
318	50	-0.112549093197906
318	90	-0.130866330122107
319	50	-0.0568326778877066
319	90	-0.036725330496352
320	50	-0.0502868429369246
320	90	-0.0339446067529105
321	50	-0.0310729250655261
321	90	-0.0449729960985919
322	50	-0.0603665849543536
322	90	-0.0602564007101476
323	50	-0.0689117734638614
323	90	-0.0859141102578559
324	50	-0.0612271244163731
324	90	-0.0410890341297431
325	50	0.0145409908836079
325	90	-0.00366743318480361
326	50	-0.0637543570511936
326	90	-0.0207108937795968
327	50	-0.00495216905328212
327	90	-0.0472422912588048
328	50	-0.0798725534431826
328	90	-0.0542670069893892
329	50	-0.0324762074693653
329	90	-0.0323651196135138
330	50	-0.0484963852347512
330	90	-0.0321608073653618
331	50	0.00389567503674622
331	90	0.0204231578150076
332	50	-0.0776633322076427
332	90	-0.066728616699521
333	50	-0.087719482842069
333	90	-0.113853965254671
334	50	-0.0343777634778916
334	90	-0.0519767413449456
335	50	-0.0605445952038266
335	90	-0.0671674074054211
336	50	-0.119739324520958
336	90	-0.0707601103290188
337	50	-0.00670293216870498
337	90	-0.043798760448996
338	50	-0.0200536067829637
338	90	-0.053889100200995
339	50	-0.0782817333118232
339	90	-0.0862106642361786
340	50	-0.0562944521586336
340	90	-0.0619484526421388
341	50	-0.122740319301761
341	90	-0.0956020473821649
342	50	-0.0458738085163741
342	90	-0.0145314950326733
343	50	0.00845365276552482
343	90	-0.0256464971591408
344	50	-0.0884752150721475
344	90	-0.122897760732757
345	50	-0.147756239625426
345	90	-0.111984519353787
346	50	-0.0416435212264769
346	90	-0.0235360178090263
347	50	-0.124244915576565
347	90	-0.113819002804979
348	50	-0.0211275816184246
348	90	-0.0242303141438744
349	50	-0.0404589392495281
349	90	-0.048688216149858
350	50	-0.152010109532314
350	90	-0.0752762867398647
351	50	-0.0431483099586529
351	90	-0.0839385937007584
352	50	-0.162182551120591
352	90	-0.159828525615682
353	50	-0.0488479971985407
353	90	-0.0484575690865811
354	50	-0.194677263657864
354	90	-0.137516779619782
355	50	-0.205606545873393
355	90	-0.168031540921584
356	50	-0.158482228224546
356	90	-0.132332596019172
357	50	-0.0542861747443509
357	90	-0.0713929506050476
358	50	0.013848413097519
358	90	-0.0229534555963703
359	50	0.0397070226436823
359	90	-0.00659631927672739
360	50	-0.0320797143126398
360	90	-0.0189456161194391
361	50	-0.0828510513694769
361	90	-0.0692594425134526
362	50	-0.0381840589353527
362	90	-0.0533317107581969
363	50	-0.17288869354782
363	90	-0.139695505271124
364	50	-0.0262654398483166
364	90	-0.0455267295179114
365	50	-0.19049099366924
365	90	-0.168976198478056
366	50	-0.104836034102242
366	90	-0.0827639802639489
367	50	-0.122809485487655
367	90	-0.0760280126858519
368	50	-0.0271516575334262
368	90	-0.0360546437698506
369	50	-0.0944310355517581
369	90	-0.0669900462781064
370	50	-0.096458209035596
370	90	-0.0657631061270253
371	50	0.0246189372696499
371	90	-0.0527222642394607
372	50	-0.0719370528757779
372	90	-0.0741784983266897
373	50	-0.121980976241256
373	90	-0.0669175722230136
374	50	-0.0706833818903495
374	90	-0.0960967432156978
375	50	-0.0789736304505619
375	90	-0.0752334070325993
376	50	-0.122902134392834
376	90	-0.0690832345959955
377	50	-0.0409270457710846
377	90	-0.0147756231170817
378	50	-0.0956121082048219
378	90	-0.0560763377138725
379	50	-0.0144149527589858
379	90	-0.0402566599745104
380	50	-0.0182744082759294
380	90	-0.051220115330089
381	50	-0.0928684507035124
381	90	-0.102090243923805
382	50	-0.130036667794596
382	90	-0.103403330376127
383	50	-0.0369208909647524
383	90	-0.0533362838806939
384	50	-0.0686761389181679
384	90	-0.0352016024866821
385	50	-0.0547880777419164
385	90	-0.0957152838292821
386	50	-0.0211860331868151
386	90	-0.0390872009830468
387	50	-0.17264339031368
387	90	-0.117969305170138
388	50	-0.0581713649895591
388	90	-0.0683531541975386
389	50	-0.107808641540685
389	90	-0.123410430079821
390	50	-0.183409227837772
390	90	-0.132318347904472
391	50	-0.0886203755413778
391	90	-0.0641786729801125
392	50	-0.0169112695200612
392	90	-0.0287094872672219
393	50	-0.0769369505411957
393	90	-0.136086399066037
394	50	-0.0864629345672822
394	90	-0.0726872741358313
395	50	-0.031635917457675
395	90	-0.0559747613885996
396	50	-0.00319731833481999
396	90	-0.0294747315547233
397	50	-0.199902238815971
397	90	-0.1780147003152
398	50	-0.0546067224767801
398	90	-0.0952710745494694
399	50	-0.16616926728677
399	90	-0.12501274524423
400	50	-0.111131223570705
400	90	-0.116697843960641
401	50	-0.190380446999265
401	90	-0.143197207780687
402	50	-0.0338923478391342
402	90	-0.0512484579913181
403	50	-0.0764878665669181
403	90	-0.0583949826916909
404	50	-0.194874655815139
404	90	-0.118107676741447
405	50	-0.116933438587111
405	90	-0.104586079694339
406	50	-0.111755440113628
406	90	-0.12442480812728
407	50	-0.174694284128977
407	90	-0.146163102889804
408	50	-0.12371309977647
408	90	-0.093868034520638
409	50	-0.0617619445650391
409	90	-0.0624583410666022
410	50	-0.146015008050665
410	90	-0.119193545809082
411	50	-0.0158130672248779
411	90	-0.0592364004466602
412	50	-0.0638644838429408
412	90	-0.0520391346289503
413	50	-0.105331271174772
413	90	-0.0653356770869668
414	50	-0.0674653120105451
414	90	-0.0710667849074891
415	50	-0.148445177853816
415	90	-0.126130684089424
416	50	-0.175272652296535
416	90	-0.134880663340585
417	50	-0.0760534129690505
417	90	-0.0330056294255367
418	50	-0.157334832714399
418	90	-0.120409428296315
419	50	-0.0591887664215987
419	90	-0.0867860182551238
420	50	-0.113408178605223
420	90	-0.0898340912702399
421	50	-0.18735971459979
421	90	-0.152983787030782
422	50	-0.127677484012643
422	90	-0.0765328555110083
423	50	-0.0513670780505427
423	90	-0.07069233480863
424	50	-0.13909248451114
424	90	-0.0833630121801366
425	50	-0.124421977157477
425	90	-0.117544166752495
426	50	-0.184917281191443
426	90	-0.180388203658727
427	50	-0.0872192043768136
427	90	-0.0830610800126004
428	50	-0.0409911030403247
428	90	-0.0567724155754679
429	50	-0.129026922598234
429	90	-0.117349388583217
430	50	-0.153968241438445
430	90	-0.135556693457267
431	50	-0.0676754068183065
431	90	-0.0602761516450876
432	50	-0.246343923588225
432	90	-0.177674307859247
433	50	-0.0757616878947222
433	90	-0.0644790339347361
434	50	-0.0479219476185347
434	90	-0.0515504507953556
435	50	-0.064941750807744
435	90	-0.0816494888325248
436	50	-0.0820336315774318
436	90	-0.0893148286623936
437	50	0.00720861248181771
437	90	-0.0295590798788006
438	50	-0.103696173188835
438	90	-0.0965140933601947
439	50	-0.196956985292012
439	90	-0.12278134464181
440	50	0.0254636505683381
440	90	0.0236672449911171
441	50	-0.0705615801074591
441	90	-0.0891428505527559
442	50	-0.010537071227815
442	90	-0.0323574968360589
443	50	-0.0975263968763688
443	90	-0.0658750772770203
444	50	-0.059816345778094
444	90	-0.0543120142545236
445	50	-0.051286436635597
445	90	-0.0521585694994525
446	50	-0.175980217041028
446	90	-0.141024082402569
447	50	-0.1199059544557
447	90	-0.101336179945753
448	50	-0.044322430064762
448	90	-0.0132585574363568
449	50	-0.130147997388619
449	90	-0.0950710065458931
450	50	0.00882322174599288
450	90	-0.0347781928001926
451	50	-0.0251090867435978
451	90	-0.0691819327101421
452	50	-0.0214956038175123
452	90	-0.0271715881191838
453	50	-0.128510059788755
453	90	-0.0989103366638631
454	50	-0.089866623304968
454	90	-0.0922838201169068
455	50	-0.1024657602278
455	90	-0.0766280145284324
456	50	-0.163591914453119
456	90	-0.135823842322426
457	50	-0.155993286444783
457	90	-0.125786359760866
458	50	-0.135934661400056
458	90	-0.121614987261757
459	50	-0.0826795771999875
459	90	-0.0739425912723005
460	50	-0.0652227434391576
460	90	-0.0974276842603732
461	50	-0.121404582623028
461	90	-0.0947910780669718
462	50	-0.0420804985137026
462	90	-0.0342173891230666
463	50	-0.166702816447505
463	90	-0.144472831789143
464	50	-0.0391819078804622
464	90	-0.0764561243122979
465	50	-0.0507116150208959
465	90	-0.0385529444888346
466	50	-0.156497515085183
466	90	-0.141171273337496
467	50	-0.165532308336286
467	90	-0.127471849011915
468	50	-0.0939695500279162
468	90	-0.0802669027678546
469	50	-0.13933999323085
469	90	-0.120347499063508
470	50	-0.184846188589064
470	90	-0.165367972421682
471	50	-0.168371313076975
471	90	-0.168173424408756
472	50	-0.169334956996746
472	90	-0.141250983382071
473	50	-0.151431911059966
473	90	-0.107629338027178
474	50	-0.069678015807063
474	90	-0.0615847132505
475	50	-0.0678688833258628
475	90	-0.0464712856188352
476	50	-0.217442525963808
476	90	-0.123024021112261
477	50	-0.130815419067643
477	90	-0.11799229864268
478	50	-0.225608496861092
478	90	-0.175399841231257
479	50	-0.0672262380196211
479	90	-0.0413006523176924
480	50	-0.0420924140689075
480	90	-0.0426000350203188
481	50	-0.123553572131809
481	90	-0.123995497802917
482	50	-0.0512083784914661
482	90	-0.0598264615727847
483	50	-0.0829504024896102
483	90	-0.0862085723934987
484	50	-0.131843948766348
484	90	-0.139570267852573
485	50	-0.0658679843605101
485	90	-0.0871055144376627
486	50	-0.102894813917255
486	90	-0.111206470047181
487	50	-0.0559662932497746
487	90	-0.0527483259311292
488	50	-0.161697580622772
488	90	-0.102562180718636
489	50	0.000164820573494868
489	90	-0.000155398018981593
490	50	-0.123049025889149
490	90	-0.0873617068412121
491	50	-0.132544791676211
491	90	-0.137793157251746
492	50	-0.0567545343665636
492	90	-0.0525289765218708
493	50	-0.0070879554011378
493	90	-0.035534068900936
494	50	-0.0413092566973795
494	90	-0.0725181175055302
495	50	-0.0263002328650835
495	90	-0.0132657113623821
496	50	-0.0674672236354174
496	90	-0.0762584165060031
497	50	-0.0648623712093249
497	90	-0.0325656059350523
498	50	-0.0180851367061753
498	90	-0.0287922253548685
499	50	-0.158576392298653
499	90	-0.111724072990723
500	50	-0.211988654817535
500	90	-0.14083563148405
501	50	-0.0540034693385197
501	90	-0.067596039971277
502	50	-0.0705435036554208
502	90	-0.0346447642052661
503	50	-0.229851879446763
503	90	-0.151930645145763
504	50	-0.170659379751103
504	90	-0.140987240985488
505	50	-0.0714755078686043
505	90	-0.0618379391069873
506	50	-0.0245526649995062
506	90	-0.0511993006176919
507	50	-0.210367979123559
507	90	-0.173797012760452
508	50	-0.134916806538498
508	90	-0.0847589206441483
509	50	-0.0963686233212141
509	90	-0.0590919527654535
510	50	-0.106166481237625
510	90	-0.0674838221093837
511	50	-0.0878688087581343
511	90	-0.0613160183728214
512	50	-0.0558170110525319
512	90	-0.0712710484562848
513	50	-0.142174950216433
513	90	-0.124717593472805
514	50	-0.0297151882083825
514	90	-0.0706630963041022
515	50	-0.0634459253124711
515	90	-0.106728235139034
516	50	-0.0765114200774612
516	90	-0.0992822092462932
517	50	-0.121720598536644
517	90	-0.086489258439426
518	50	-0.0300884940800282
518	90	-0.0777746929216648
519	50	-0.107144225611964
519	90	-0.133020243049911
520	50	-0.128843086126984
520	90	-0.125969274899098
521	50	-0.109117235108657
521	90	-0.0787720967622611
522	50	-0.121568390359068
522	90	-0.0909980397384758
523	50	-0.0567203931289053
523	90	-0.0365450873995087
524	50	-0.062167579414821
524	90	-0.0374820683258765
525	50	-0.161297306212258
525	90	-0.114633742656017
526	50	-0.151049861564783
526	90	-0.140009365984744
527	50	-0.0179003891395096
527	90	-0.066532416071338
528	50	-0.0282082748079332
528	90	-0.0408061901189564
529	50	-0.0998408029237094
529	90	-0.0984275396656894
530	50	-0.0895784423705875
530	90	-0.0910989338512028
531	50	0.00954909328739361
531	90	-0.00554574468857589
532	50	0.0041826246404242
532	90	-0.0209895395980445
533	50	-0.131296526338337
533	90	-0.0834019057279281
534	50	0.0450585895523445
534	90	0.0278151961476802
535	50	-0.0802541586083081
535	90	-0.0579240540364704
536	50	-0.115558015285192
536	90	-0.0751189252290822
537	50	-0.0527135441408456
537	90	-0.0665170991008327
538	50	-0.0148253497605552
538	90	-0.0211400910765212
539	50	-0.0489776702975197
539	90	-0.0799757525805505
540	50	-0.031277756003122
540	90	-0.068062905821577
541	50	-0.0401071003687673
541	90	-0.0649802687792614
542	50	-0.0563922352337982
542	90	-0.0403622468206613
543	50	-0.0896558410956189
543	90	-0.0962360475905064
544	50	-0.0372477706239484
544	90	-0.0558438004739715
545	50	-0.0590888985435642
545	90	-0.0785129773390429
546	50	-0.116376530837728
546	90	-0.0834967263598428
547	50	-0.113415794159913
547	90	-0.123437437131525
548	50	-0.118776768332194
548	90	-0.0885894258637259
549	50	-0.113820215516773
549	90	-0.0762200075431804
550	50	-0.0966645730900877
550	90	-0.0640256659330831
551	50	-0.149075570721355
551	90	-0.0972125112775094
552	50	-0.111000489387862
552	90	-0.143353078339699
553	50	-0.117523842967587
553	90	-0.0993997339959464
554	50	-0.00911857424256568
554	90	-0.0423961058746712
555	50	-0.170172071330305
555	90	-0.113294773114843
556	50	-0.137118856649603
556	90	-0.10903574473997
557	50	-0.0892227249869878
557	90	-0.114475130228252
558	50	-0.0444578148541395
558	90	-0.0601138750317431
559	50	-0.0458329093315496
559	90	-0.0568068612871035
560	50	-0.0139137498886391
560	90	-0.0296886787516217
561	50	-0.15347848892195
561	90	-0.126113632106504
562	50	-0.0748197570485964
562	90	-0.0803210441434338
563	50	-0.0297025866777777
563	90	-0.0865111914254989
564	50	-0.11432229379485
564	90	-0.113101639317093
565	50	-0.0338811778540887
565	90	-0.0934239975593139
566	50	-0.141640355553256
566	90	-0.108044702872702
567	50	-0.131972654621082
567	90	-0.156997659168967
568	50	-0.0533881244980174
568	90	-0.0550805708045705
569	50	-0.113363742083948
569	90	-0.119086724560508
570	50	-0.0692578897303939
570	90	-0.0683747969115876
571	50	-0.036205764531585
571	90	-0.0906345916951119
572	50	-0.12851362665431
572	90	-0.0969673003547519
573	50	-0.0620394551303822
573	90	-0.113055528903664
574	50	-0.00227087272286231
574	90	-0.0608946009037391
575	50	-0.141612046696262
575	90	-0.14272303898121
576	50	-0.0229388370550632
576	90	-0.0172127392898023
577	50	-0.0596711406946258
577	90	-0.0322520547180538
578	50	0.00313855390397116
578	90	-0.0474373332471847
579	50	-0.00734149177863918
579	90	-0.0312259829141789
580	50	-0.134804584711302
580	90	-0.109666760007538
581	50	-0.111665727791144
581	90	-0.117947500438316
582	50	-9.25777995229015e-05
582	90	-0.0349962469083379
583	50	-0.151736710084796
583	90	-0.109781516236368
584	50	-0.142278038472574
584	90	-0.0702249727340988
585	50	-0.0572630358507486
585	90	-0.111899818589992
586	50	-0.142469991750587
586	90	-0.116862677247002
587	50	-0.0906885353919408
587	90	-0.125824684934872
588	50	-0.0935655326679287
588	90	-0.0603605673557605
589	50	0.0380573734669033
589	90	-0.00280083235737863
590	50	-0.153012310761736
590	90	-0.0717498389785747
591	50	-0.0410971012904088
591	90	-0.0633819603295562
592	50	0.00433391897256503
592	90	-0.0411144904466633
593	50	-0.133614581174619
593	90	-0.0964087964468412
594	50	-0.0308615665614262
594	90	-0.0349223906130114
595	50	-0.162844217187763
595	90	-0.133133809895441
596	50	-0.149236178210403
596	90	-0.171219913764603
597	50	-0.0156922255473597
597	90	-0.00827605439342279
598	50	-0.133017451571415
598	90	-0.124999829600354
599	50	-0.103093286959991
599	90	-0.0658053948469054
600	50	-0.202561036263935
600	90	-0.127605509625264
601	50	-0.0113814196126706
601	90	-0.0296823871686448
602	50	-0.0553240930253344
602	90	-0.0826019285354124
603	50	-0.123522413759512
603	90	-0.0970838983219123
604	50	-0.0795111255979862
604	90	-0.0801894867279243
605	50	-0.103838623123019
605	90	-0.0830106464744078
606	50	-0.0870181499900192
606	90	-0.0843301705375559
607	50	-0.083441298192451
607	90	-0.0942456109534189
608	50	-0.10101083140944
608	90	-0.09268478866052
609	50	-0.0616444047711601
609	90	-0.0751704243186528
610	50	-0.144187365315708
610	90	-0.13379216373049
611	50	-0.0434514074676241
611	90	-0.0451106351406117
612	50	-0.138976410350943
612	90	-0.09548895332088
613	50	-0.0466430064442729
613	90	-0.0683299316921755
614	50	-0.150701650703755
614	90	-0.109575143404374
615	50	-0.0690863347779379
615	90	-0.0574731546452238
616	50	-0.136851280289047
616	90	-0.151453189816715
617	50	-0.0326395238943363
617	90	-0.0379033030533176
618	50	-0.00803943216412546
618	90	-0.0218735877642589
619	50	-0.135558890013591
619	90	-0.085620834078506
620	50	-0.142158495872803
620	90	-0.100278034262518
621	50	-0.0141960826154753
621	90	-0.0121296886850895
622	50	-0.0277865648003122
622	90	-0.0497046133789959
623	50	-0.0524026727001516
623	90	-0.063673630339157
624	50	-0.0853112858318155
624	90	-0.107026443950811
625	50	-0.0395178643571644
625	90	-0.0233919636348752
626	50	-0.0128894040061559
626	90	-0.0306628036051098
627	50	-0.0714905052497491
627	90	-0.0744821813160094
628	50	-0.0739220538502278
628	90	-0.0484786062611209
629	50	-0.106033967476295
629	90	-0.0948623275995594
630	50	-0.116440141866795
630	90	-0.119372151108518
631	50	-0.0982025314083394
631	90	-0.0943783578455901
632	50	-0.163111704198529
632	90	-0.116380465318242
633	50	-0.0728517551485085
633	90	-0.0440562072343188
634	50	-0.0563958544615554
634	90	-0.0199514085210606
635	50	-0.0502874847860587
635	90	-0.0374392030124875
636	50	-0.0897064347857262
636	90	-0.101356923872915
637	50	-0.0928128833589248
637	90	-0.1020786193213
638	50	-0.13603910416838
638	90	-0.11026007968448
639	50	-0.0567484812670069
639	90	-0.0895696950508439
640	50	-0.101731549521756
640	90	-0.057957600791075
641	50	-0.164161935135476
641	90	-0.130887698146001
642	50	-0.166390882237532
642	90	-0.123381643500119
643	50	-0.0471694763350427
643	90	-0.0645285175224571
644	50	-0.0892624150583024
644	90	-0.0757497176221056
645	50	-0.189710641851589
645	90	-0.190749908620486
646	50	-0.0906640089323095
646	90	-0.0649073146929975
647	50	-0.139844733711981
647	90	-0.144756229606921
648	50	-0.0991129270919994
648	90	-0.0887203309715524
649	50	-0.0659728062714376
649	90	-0.0467441248305141
650	50	-0.129339101274525
650	90	-0.110664117338656
651	50	-0.0950359069014143
651	90	-0.0774867598295154
652	50	-0.074668923990329
652	90	-0.0868597118493788
653	50	-0.0635852936278725
653	90	-0.0509798206607355
654	50	-0.0684023395565682
654	90	-0.0497369603027
655	50	-0.118147284022923
655	90	-0.142282764242956
656	50	-0.117539988794237
656	90	-0.110049730470104
657	50	-0.0301337880149872
657	90	-0.0426439285195364
658	50	-0.0409130998995209
658	90	-0.037172069999937
659	50	-0.0421860947004564
659	90	-0.0384086784984179
660	50	-0.114894620181209
660	90	-0.112651383298404
661	50	-0.0477284087521498
661	90	-0.0380186844358191
662	50	-0.0725640775641849
662	90	-0.06168632993078
663	50	-0.0666782539603114
663	90	-0.0672448419322844
664	50	-0.0793270438176541
664	90	-0.0637493670250057
665	50	-0.0124202969965199
665	90	-0.0201561128458006
666	50	-0.0373212141556114
666	90	-0.0396877031431613
667	50	-0.191313546972979
667	90	-0.141769671505667
668	50	-0.139726879616761
668	90	-0.140899550623366
669	50	-0.0521069749106856
669	90	-0.016644943339785
670	50	-0.0806864853862121
670	90	-0.157476341390294
671	50	-0.0159199770246934
671	90	-0.0124952892747178
672	50	-0.175798784154577
672	90	-0.140498717884533
673	50	-0.0602904653976937
673	90	-0.0820864111281423
674	50	-0.0369376316396753
674	90	-0.0288593027031769
675	50	-0.0895300041500667
675	90	-0.104997667347059
676	50	-0.159730233389352
676	90	-0.145746718441931
677	50	-0.0525447120323358
677	90	-0.0452335655843032
678	50	-0.154250753187271
678	90	-0.159091766136293
679	50	0.0206852906446164
679	90	-0.00125366733512063
680	50	-0.0327203029732656
680	90	-0.0367930261193908
681	50	-0.0915804496105598
681	90	-0.0789224786522425
682	50	-0.0345014902256496
682	90	-0.060264653258641
683	50	-0.15552921528297
683	90	-0.116551534486899
684	50	-0.147608613022068
684	90	-0.0955543060173317
685	50	-0.0576901040043678
685	90	-0.0680965165557749
686	50	-0.00834171563386292
686	90	0.00638485085256769
687	50	-0.0450934646773
687	90	-0.0469179262959193
688	50	-0.113716121211373
688	90	-0.0769358700340335
689	50	0.0189745706385355
689	90	0.0122933448415393
690	50	-0.0520018455426236
690	90	-0.0475647436563404
691	50	-0.0763756859103452
691	90	-0.0943491566344295
692	50	-0.107914483442516
692	90	-0.0735816567845553
693	50	-0.113077417239513
693	90	-0.0691609475580756
694	50	-0.0230163920391937
694	90	-0.064973683704221
695	50	-0.0968085415021377
695	90	-0.0990316074626064
696	50	-0.114797966868854
696	90	-0.102526802858932
697	50	-0.0633004913949172
697	90	-0.0982726823351741
698	50	-0.156819020741767
698	90	-0.136400532665818
699	50	-0.113279305180461
699	90	-0.107519027488094
700	50	-0.146073631531628
700	90	-0.121955963671016
701	50	-0.15087316853928
701	90	-0.172116795528589
702	50	-0.0896169613451402
702	90	-0.0756499184151616
703	50	-0.156852019311596
703	90	-0.16387045717599
704	50	-0.161961555832092
704	90	-0.132027060206233
705	50	-0.225834583603348
705	90	-0.162685053781523
706	50	-0.142748712199399
706	90	-0.0514658261122074
707	50	-0.0477636528138042
707	90	-0.0500308629952
708	50	-0.107721690166447
708	90	-0.079686851373195
709	50	-0.130922303462409
709	90	-0.095777348729278
710	50	-0.0345952007486675
710	90	-0.0757145756472904
711	50	-0.0254847150449208
711	90	-0.0409002606957084
712	50	-0.0933733455697261
712	90	-0.0354513274055101
713	50	-0.15670614019214
713	90	-0.10987527176238
714	50	-0.10066037135785
714	90	-0.0926880694107154
715	50	-0.0713533576568345
715	90	-0.101421490313358
716	50	-0.113942984953212
716	90	-0.0908491974117991
717	50	-0.0758109359356059
717	90	-0.0407182426626315
718	50	-0.0878397878411846
718	90	-0.0747866475285551
719	50	-0.0790357086157361
719	90	-0.0529310923808477
720	50	-0.0648165233170139
720	90	-0.0353931438627841
721	50	0.0115885873415546
721	90	-0.016947002221575
722	50	-0.0163364460250169
722	90	-0.0215475209089608
723	50	-0.0943652218315577
723	90	-0.0986773432831938
724	50	-0.16523826825896
724	90	-0.144708655168979
725	50	-0.0283308003373471
725	90	-0.0233573162219804
726	50	-0.100035646272706
726	90	-0.0835449202462736
727	50	-0.0455728060054278
727	90	-0.030333840630286
728	50	-0.0895914511149533
728	90	-0.0653451255948439
729	50	-0.000446488011373515
729	90	-0.0046090191504115
730	50	-0.0462252358253898
730	90	-0.01809954785493
731	50	-0.104079376638371
731	90	-0.121267553556699
732	50	-0.0701617716037166
732	90	-0.0955107229801919
733	50	-0.109959905901698
733	90	-0.085303408653134
734	50	-0.0814386157973053
734	90	-0.0668737221563326
735	50	-0.0986205829673211
735	90	-0.103280458835581
736	50	-0.124102099316719
736	90	-0.110715738892994
737	50	-0.0854697230300749
737	90	-0.0792169541024333
738	50	-0.0848464006553089
738	90	-0.087205935443994
739	50	0.019812414648648
739	90	-0.0104590667834023
740	50	-0.110505487588007
740	90	-0.0884247340809109
741	50	-0.211549625076837
741	90	-0.16647566002067
742	50	-0.206011565784547
742	90	-0.168682899921721
743	50	-0.159700130306137
743	90	-0.140827538138455
744	50	-0.0730787334476651
744	90	-0.0617660918086121
745	50	-0.179694031350687
745	90	-0.135250197536731
746	50	-0.0515258363902341
746	90	-0.0383482202135658
747	50	-0.245148058124276
747	90	-0.168439793619251
748	50	-0.175520738432053
748	90	-0.150434326855633
749	50	-0.198303388840009
749	90	-0.166104827511328
750	50	-0.174390602948925
750	90	-0.195594130335326
751	50	0.00543932444562941
751	90	-0.0232011859241804
752	50	0.0154855130309137
752	90	-0.0113905898852303
753	50	-0.0492805823648418
753	90	-0.0637429623272999
754	50	-0.061720387453168
754	90	-0.055260291590343
755	50	-0.169772864641814
755	90	-0.173672490711168
756	50	-0.100150781814236
756	90	-0.0643605060595334
757	50	-0.0910113416498888
757	90	-0.0675880907514163
758	50	-0.118059205583415
758	90	-0.126974099716834
759	50	-0.102583731593166
759	90	-0.104276015708946
760	50	-0.0370617600556159
760	90	-0.00700731610017902
761	50	-0.0749048537915042
761	90	-0.0509871705164661
762	50	-0.027566345262638
762	90	-0.00901723611011813
763	50	-0.103463053823343
763	90	-0.0680245214700132
764	50	-0.123042072180019
764	90	-0.128358785641252
765	50	0.0326697171324065
765	90	-0.00699887443357089
766	50	-0.168435240271342
766	90	-0.12546362901754
767	50	-0.0305927380634164
767	90	-0.0678275622768362
768	50	-0.0507937275640239
768	90	-0.0499626493746141
769	50	-0.0562680537870829
769	90	-0.0407286943777936
770	50	-0.0631922279362747
770	90	-0.0537008419754415
771	50	-0.0579076971213504
771	90	-0.0509399927473365
772	50	-0.146329182181155
772	90	-0.0991350739849079
773	50	-0.0148456299885252
773	90	-0.0297210720691864
774	50	-0.0964857191213546
774	90	-0.0905993693389645
775	50	-0.178297969231566
775	90	-0.166655670399265
776	50	0.0112210023892911
776	90	0.0020511134063008
777	50	-0.109415038412214
777	90	-0.0997273091374541
778	50	-0.0890535270953446
778	90	-0.0926058875918932
779	50	-0.0369841821662636
779	90	-0.0413730892385149
780	50	-0.104900364949597
780	90	-0.0738850515826535
781	50	-0.0838316857152777
781	90	-0.0944217312326211
782	50	-0.204842956457407
782	90	-0.121911311987915
783	50	-0.0224883746341371
783	90	-0.0369766473672978
784	50	-0.0394182051758378
784	90	-0.0679971253063302
785	50	-0.0754837325828386
785	90	-0.0943250351904928
786	50	-0.0896116308346963
786	90	-0.0497696243942135
787	50	-0.134672100517302
787	90	-0.0884220399667144
788	50	-0.0798092066886542
788	90	-0.109221103244167
789	50	-0.102476823917747
789	90	-0.0902704130986164
790	50	-0.0361769289533259
790	90	-0.0425355501689889
791	50	-0.0854363166206938
791	90	-0.0833450448475149
792	50	0.0227335985903684
792	90	0.0173115584464784
793	50	-0.134529063999219
793	90	-0.15050650257621
794	50	0.0302971781841082
794	90	-0.0379208984825685
795	50	-0.100305634071212
795	90	-0.0857772367329413
796	50	-0.0370127359391799
796	90	-0.0570264929481044
797	50	-0.148568906162766
797	90	-0.135945965975721
798	50	-0.137238119971897
798	90	-0.117273918151912
799	50	-0.0940893480408022
799	90	-0.0800562729353765
800	50	-0.026277857318718
800	90	-0.068041787530297
801	50	-0.181610845979722
801	90	-0.138090681905605
802	50	-0.172153892584017
802	90	-0.147722894458723
803	50	-0.0720279335656566
803	90	-0.0569947797451245
804	50	-0.0899095471470625
804	90	-0.084720373466951
805	50	-0.019196107932512
805	90	-0.0474703155428182
806	50	-0.0412083016527735
806	90	-0.0100810863303407
807	50	-0.064799431549894
807	90	-0.0341375584775968
808	50	-0.0810586692670698
808	90	-0.0812785829376032
809	50	-0.174253126540505
809	90	-0.140416472415771
810	50	-0.0747382828433435
810	90	-0.0781326890726646
811	50	-0.0845703399272414
811	90	-0.0992746391695111
812	50	-0.141708258609767
812	90	-0.115404656894022
813	50	-0.103966520285553
813	90	-0.0872536430043716
814	50	-0.0483720612358314
814	90	-0.0728223060011066
815	50	-0.0888914745004601
815	90	-0.0879490175604095
816	50	-0.12421765154074
816	90	-0.103066268499899
817	50	-0.15538985544459
817	90	-0.0805918660645519
818	50	-0.218126801256875
818	90	-0.155205259330303
819	50	-0.185708955859359
819	90	-0.143598344427751
820	50	-0.123763730846217
820	90	-0.118953505973794
821	50	-0.125173712854162
821	90	-0.134228947037538
822	50	-0.0618503174265877
822	90	-0.0412205041446934
823	50	-0.127042847178193
823	90	-0.123505685349335
824	50	-0.0542957713466864
824	90	-0.0752093001926899
825	50	-0.118066490918424
825	90	-0.0837750887425497
826	50	-0.104083592248953
826	90	-0.0768777584860147
827	50	-0.218504801745447
827	90	-0.176842362237809
828	50	-0.0243969056886963
828	90	-0.0431789154178585
829	50	-0.0263934073744368
829	90	-0.0606925502873789
830	50	-0.0820277251980548
830	90	-0.0689916541773505
831	50	-0.0380669898508863
831	90	-0.0481993904599432
832	50	-0.0125981227630509
832	90	-0.0556537478897843
833	50	-0.0435118322237264
833	90	-0.0486189729260741
834	50	-0.0705915586748238
834	90	-0.0804847097262461
835	50	-0.0721823848522913
835	90	-0.0497342526382034
836	50	-0.0702605544433276
836	90	-0.0748153928393305
837	50	-0.0551578258706242
837	90	-0.051339518036287
838	50	-0.163548079805139
838	90	-0.136793919274914
839	50	-0.0898503293624414
839	90	-0.0921927100155861
840	50	-0.0342539660070254
840	90	-0.0478729099831896
841	50	-0.111385263834542
841	90	-0.0444220100645046
842	50	0.0451641962266433
842	90	-0.00211061084740996
843	50	-0.0349266631634432
843	90	-0.0332558277679944
844	50	-0.00811796178149735
844	90	-0.0175346423919869
845	50	-0.144477580591865
845	90	-0.0925478113846141
846	50	-0.0603851322348683
846	90	-0.0772460895938068
847	50	-0.155412840726333
847	90	-0.156039295131988
848	50	0.0111519087654792
848	90	-0.00539213414854903
849	50	-0.169704970313802
849	90	-0.151889031685201
850	50	-0.183348199813149
850	90	-0.0929429817209262
851	50	-0.0175231145229945
851	90	-0.0110212642153686
852	50	-0.0393901869738662
852	90	0.000717234955075274
853	50	0.00529576055219619
853	90	-0.0496489519848538
854	50	-0.169753904209402
854	90	-0.158378559198616
855	50	-0.065153903504551
855	90	-0.0605649796803536
856	50	-0.129810747740947
856	90	-0.0844411571188742
857	50	-0.0386106641986988
857	90	-0.0418579855982163
858	50	-0.117133829019092
858	90	-0.10056544343122
859	50	-0.034457225340926
859	90	-0.032399369567983
860	50	-0.0934958268125011
860	90	-0.161672538004411
861	50	-0.109288872309148
861	90	-0.111335594780471
862	50	-0.149399076441184
862	90	-0.150764264730961
863	50	-0.147258073851104
863	90	-0.12464444722129
864	50	-0.0899323447111782
864	90	-0.0798829694576517
865	50	-0.0748672361381249
865	90	-0.0756257208165617
866	50	-0.206535534678823
866	90	-0.22342585083778
867	50	-0.00235803641433156
867	90	-0.0206991557061687
868	50	-0.0315455369691165
868	90	-0.0314615432829925
869	50	-0.0852851243365953
869	90	-0.0834513067385965
870	50	0.0100772617178292
870	90	-0.0262537197810324
871	50	-0.0935351111167695
871	90	-0.075145401172862
872	50	-0.120769085545365
872	90	-0.171021690136119
873	50	-0.18461029745877
873	90	-0.0908501183555595
874	50	0.0416096933959274
874	90	-0.0202514955706829
875	50	-0.0332400071483028
875	90	-0.0623405729867917
876	50	-0.114091833143812
876	90	-0.101750547385277
877	50	-0.142962281100086
877	90	-0.132748866143437
878	50	-0.0585151828020302
878	90	-0.0690891460126836
879	50	-0.061453798528985
879	90	-0.0855209731864334
880	50	-0.0945937135258594
880	90	-0.0704695578764229
881	50	-0.0936776798505545
881	90	-0.0893145619011747
882	50	-0.161285485243425
882	90	-0.0861898943316986
883	50	-0.0364364211304624
883	90	-0.0508288504881343
884	50	-0.075221819039803
884	90	-0.099911248262645
885	50	-0.0703697005655509
885	90	-0.0465986980297998
886	50	-0.145761713542644
886	90	-0.12367190987738
887	50	-0.11711217720275
887	90	-0.0800505841232274
888	50	-0.166088672309116
888	90	-0.150983732867044
889	50	-0.0975895151201419
889	90	-0.0796499711407881
890	50	-0.150525765612326
890	90	-0.110056370896581
891	50	-0.0500102566938419
891	90	-0.0858192007792254
892	50	-0.0980668742222642
892	90	-0.117984007581976
893	50	-0.139333297376481
893	90	-0.0922011341564352
894	50	-0.0463500900018575
894	90	-0.0512409129767655
895	50	-0.0794975101820501
895	90	-0.117261859218118
896	50	-0.159614443762468
896	90	-0.147953868750592
897	50	-0.162787798154696
897	90	-0.14927860650744
898	50	-0.0514069168481988
898	90	-0.0347015782068194
899	50	-0.00957904945330065
899	90	-0.0445557283373129
900	50	-0.113649120641379
900	90	-0.110562702222843
901	50	-0.0211596781523538
901	90	-0.0588663952267897
902	50	-0.0707537663803083
902	90	-0.0669116207969047
903	50	-0.0719977207777545
903	90	-0.0665310970630856
904	50	-0.122075194585142
904	90	-0.102038127934309
905	50	-0.209224771207895
905	90	-0.183160997241528
906	50	-0.000483801030899486
906	90	-0.0301251155232581
907	50	-0.0493751366064234
907	90	-0.0738073317052747
908	50	-0.000238534179108948
908	90	-0.000967187631073556
909	50	0.00620403991247249
909	90	-0.0242116858552292
910	50	-0.090440628396351
910	90	-0.104494062567777
911	50	-0.117922740141194
911	90	-0.0801126213570473
912	50	-0.00580879565958654
912	90	-0.0385657071735399
913	50	-0.0308785600578134
913	90	-0.0466820314504393
914	50	-0.118108416048514
914	90	-0.12865450792296
915	50	-0.0375289241923752
915	90	-0.0272453158984997
916	50	-0.0570358637463893
916	90	-0.0416423502710238
917	50	-0.0397553704615435
917	90	-0.0666650373496979
918	50	-0.0566527114321431
918	90	-0.0338241110328979
919	50	-0.14497879836041
919	90	-0.114318722520762
920	50	-0.0930303273392916
920	90	-0.0882303691126909
921	50	-0.100724438202314
921	90	-0.115794346175536
922	50	-0.130930282557945
922	90	-0.134475888224052
923	50	-0.0481453766781978
923	90	-0.0552764960509593
924	50	-0.0875298973231286
924	90	-0.0851974533883364
925	50	-0.068895903016776
925	90	-0.0897617956452575
926	50	0.00602690972406668
926	90	-0.00454053593747636
927	50	-0.0488894641516774
927	90	-0.0521784259927282
928	50	-0.0295760214043255
928	90	-0.0273267032661504
929	50	-0.0644517127439664
929	90	-0.0798760827399473
930	50	-0.0367434114878106
930	90	-0.0172861800454743
931	50	-0.0625539541269167
931	90	-0.0604118149764874
932	50	-0.0993172053401669
932	90	-0.0664800272995237
933	50	-0.129912525701348
933	90	-0.1040674376909
934	50	-0.132533028508075
934	90	-0.0938978303723258
935	50	-0.237205101173568
935	90	-0.238640138022679
936	50	-0.15517337782655
936	90	-0.111069833806622
937	50	0.00126237330118861
937	90	-0.00789186371734406
938	50	0.0372176500728888
938	90	0.0175130026958362
939	50	-0.110580296039608
939	90	-0.12013682818699
940	50	-0.116974745474327
940	90	-0.072926097025406
941	50	-0.0397056570202154
941	90	-0.0275025181774999
942	50	-0.103247899429622
942	90	-0.059679669702956
943	50	-0.103416334155244
943	90	-0.0497324058027373
944	50	-0.0602461558335373
944	90	-0.0848079854793581
945	50	-0.175838974877798
945	90	-0.141825242582646
946	50	-0.162323990462605
946	90	-0.109598415388838
947	50	-0.0403095489651025
947	90	-0.0552296290326163
948	50	-0.196124802340244
948	90	-0.152015811260245
949	50	-0.0846738588011756
949	90	-0.0696324637817737
950	50	-0.284651600096502
950	90	-0.256300782003888
951	50	-0.20132774570137
951	90	-0.177638824640968
952	50	-0.0218738998366506
952	90	-0.0158124239553624
953	50	-0.0663342971174371
953	90	-0.0819617195372974
954	50	-0.0679807009485401
954	90	-0.0690097980208501
955	50	-0.00198522733271288
955	90	-0.038562187638082
956	50	-0.178549757556642
956	90	-0.14648893258132
957	50	-0.0626904126209363
957	90	-0.065020556418968
958	50	-0.11508585984033
958	90	-0.0840480023376884
959	50	-0.0991483829090743
959	90	-0.110638026275718
960	50	-0.0963796780656092
960	90	-0.0978178366283138
961	50	-0.083091380984251
961	90	-0.0383137729957946
962	50	-0.0329071853608936
962	90	-0.026303074319176
963	50	-0.0844764195748823
963	90	-0.0910326938063103
964	50	-0.150291186572317
964	90	-0.105933110292424
965	50	-0.163488280151411
965	90	-0.123401733380205
966	50	-0.150619936874944
966	90	-0.132567027806279
967	50	-0.075388116780879
967	90	-0.0710917652041437
968	50	-0.0727298576462266
968	90	-0.042158479052236
969	50	-0.114031606854564
969	90	-0.105538810236961
970	50	-0.0252459549031925
970	90	-0.0460009606323493
971	50	-0.0602654901403545
971	90	-0.0250135550649613
972	50	-0.0189429694804886
972	90	-0.0474067910775051
973	50	-0.205212307115832
973	90	-0.137057397121876
974	50	-0.180982379262056
974	90	-0.105965148640119
975	50	-0.100435533729318
975	90	-0.104812241965586
976	50	-0.0274345984407147
976	90	-0.0526117213808029
977	50	-0.0984067754243509
977	90	-0.0371735886014874
978	50	-0.0501551434180045
978	90	-0.0810837412270521
979	50	-0.0798267538630699
979	90	-0.0787282905222643
980	50	-0.0864556965617977
980	90	-0.0740649802495784
981	50	-0.144547781188804
981	90	-0.124187831725392
982	50	-0.0189482366330064
982	90	-0.0476428507419771
983	50	0.00265022854645567
983	90	-0.0163666663847436
984	50	-0.0273163631715712
984	90	-0.0693569836011544
985	50	-0.0405705575150361
985	90	-0.0410283769384661
986	50	-0.0226863444548567
986	90	-0.0508449499666036
987	50	-0.137015256976452
987	90	-0.115276400698859
988	50	-0.13288972996886
988	90	-0.0900194898232599
989	50	-0.00446454255060857
989	90	0.0105365439027949
990	50	-0.198149133320243
990	90	-0.119813718548017
991	50	-0.0621225159074013
991	90	-0.0533976925898792
992	50	-0.162637721972534
992	90	-0.0936981015928528
993	50	-0.0687704213699653
993	90	-0.110569365758113
994	50	-0.0464268255032433
994	90	-0.0541303653643452
995	50	-0.129509257086995
995	90	-0.117853972975347
996	50	-0.12569429738833
996	90	-0.0826840649496893
997	50	-0.078262639598301
997	90	-0.0670140615254066
998	50	-0.0378630463685459
998	90	-0.0284122251140501
999	50	-0.0756295378204576
999	90	-0.0779793934088754
1000	50	-0.130525719942285
1000	90	-0.1169234910748
