Iter	HR	R.cor
1	50	0.0523913198134421
1	90	0.0337997490680528
2	50	-0.0913069961977879
2	90	-0.0755397876210861
3	50	0.0247566721176878
3	90	-0.0102290790933834
4	50	-0.045621519368931
4	90	-0.0184641542142822
5	50	-0.0969247133257751
5	90	-0.0178854568056069
6	50	0.0122625065247712
6	90	-0.024769475896491
7	50	-0.203629527266208
7	90	-0.112177264961546
8	50	-0.157338977534883
8	90	-0.0739578244315609
9	50	-0.045355458160038
9	90	-0.0917482653356493
10	50	-0.11862508565513
10	90	-0.103182261605416
11	50	-0.00606092626741425
11	90	-0.0274690019341481
12	50	-0.184666337156972
12	90	-0.121842968334713
13	50	0.00910040552302935
13	90	-0.00538974613068945
14	50	-0.104211107095968
14	90	-0.0445356386915612
15	50	-0.00223629236887184
15	90	0.00779413881554906
16	50	-0.0919719517812345
16	90	-0.0706824352925028
17	50	-0.138394546559483
17	90	-0.1122499793781
18	50	-0.0354267288980363
18	90	-0.0293705295772485
19	50	-0.0377420437408307
19	90	-0.0262215993641346
20	50	0.0475985901351703
20	90	0.0633914516975563
21	50	-0.00603641398409121
21	90	0.0251758813857603
22	50	0.00376153218561181
22	90	0.00565854769498934
23	50	-0.0251148778798325
23	90	-0.0584967062243517
24	50	-0.0798779991159236
24	90	-0.0605883321830449
25	50	-0.111370469933864
25	90	-0.0719846084812544
26	50	-0.11944524341721
26	90	-0.0756488167173391
27	50	-0.0197837563475663
27	90	-0.0233532150335004
28	50	-0.0436894064942893
28	90	-0.00632494334375524
29	50	0.0218733542975808
29	90	0.00162701960684412
30	50	-0.0903127334266985
30	90	-0.0407505885821397
31	50	0.0375047467205327
31	90	0.0330674767117548
32	50	-0.00622474415480636
32	90	-0.00222938962866322
33	50	-0.146570147185973
33	90	-0.121567411601094
34	50	0.0661519881732554
34	90	0.0144540308459236
35	50	-0.230349650392144
35	90	-0.157657684730438
36	50	-0.0713944923338299
36	90	-0.0505163430320791
37	50	-0.105175105651038
37	90	-0.0915431515010718
38	50	-0.077376200237341
38	90	-0.0879396871783196
39	50	-0.0594317524437932
39	90	-0.0330418139888801
40	50	-0.022006265930181
40	90	-0.00740096676305849
41	50	-0.0571465667920097
41	90	-0.0537600905747757
42	50	-0.186571909355141
42	90	-0.139511639708298
43	50	-0.0825054170199386
43	90	-0.0962304441446852
44	50	-0.190962833713502
44	90	-0.135885443047745
45	50	0.050016566127794
45	90	0.0250216541371291
46	50	-0.0863351511849778
46	90	-0.0520979795411845
47	50	-0.159506057300394
47	90	-0.0908293858522021
48	50	-0.128879054446956
48	90	-0.0956632060932508
49	50	-0.0407246930198552
49	90	-0.0487805290575639
50	50	-0.0424207272893545
50	90	-0.0277860785666763
51	50	-0.0152250150418977
51	90	-0.00247008519300195
52	50	0.00210869857246092
52	90	-0.0186962136764421
53	50	0.0198410230713736
53	90	0.0284640756744004
54	50	0.00530013080849216
54	90	-0.00317398541637009
55	50	-0.0719925094665808
55	90	-0.0721232826889274
56	50	-0.0101048770364638
56	90	-0.0206252137326446
57	50	-0.175341494887201
57	90	-0.118936229710829
58	50	-0.157180017634928
58	90	-0.158151594241142
59	50	-0.247697910316764
59	90	-0.165823080458621
60	50	0.0464445222618996
60	90	0.017091349184275
61	50	-0.233179969421506
61	90	-0.147817077966117
62	50	-0.0269330908825439
62	90	-0.0403022661062728
63	50	-0.0173010166560288
63	90	-0.0245464755216068
64	50	-0.156536075516937
64	90	-0.147200809552778
65	50	0.111941565327998
65	90	0.0432249194070489
66	50	-0.0406854690545936
66	90	-0.0417818112615906
67	50	-0.231276515279399
67	90	-0.145854165963395
68	50	-0.143490780302714
68	90	-0.116262904318419
69	50	0.0147036354413355
69	90	0.0202444766226856
70	50	-0.0872769505220906
70	90	-0.0638103583036487
71	50	-0.110869226699202
71	90	-0.0495229448202964
72	50	-0.0803476660952142
72	90	-0.0385813731721854
73	50	-0.15689859927163
73	90	-0.133303834811953
74	50	-0.125986946929799
74	90	-0.0849381866915156
75	50	-0.12396838133134
75	90	-0.0924653145905043
76	50	0.0262571294232749
76	90	-0.0150318073019431
77	50	0.0450109065217566
77	90	0.024033908060781
78	50	0.0531572070472093
78	90	-0.0187741158875885
79	50	0.0018035506052633
79	90	0.0141916472996363
80	50	0.0355217276681553
80	90	0.0234999403786256
81	50	-0.0700202826695215
81	90	-0.07238531122542
82	50	-0.12247933560917
82	90	-0.0871803717528934
83	50	-0.0380933416676429
83	90	-0.0292882377393555
84	50	-0.118391518009597
84	90	-0.0467207310857052
85	50	-0.110009859968011
85	90	-0.0774529725866069
86	50	0.0142355982554818
86	90	-0.00202122202741968
87	50	-0.0424550992769308
87	90	-0.0199527557923792
88	50	-0.201386134372223
88	90	-0.119928366211085
89	50	-0.0123090325248966
89	90	-0.0321677225088974
90	50	-0.101083263581622
90	90	-0.0746474222792318
91	50	-0.133473528030455
91	90	-0.106469878913029
92	50	-0.0954386626712312
92	90	-0.0844775809613108
93	50	-0.0836030568338106
93	90	-0.0652512257968134
94	50	0.0182864181589105
94	90	-0.0243391233812817
95	50	-0.100511312308365
95	90	-0.0689872964776884
96	50	0.0864384660601873
96	90	0.0441453704491394
97	50	-0.0904199128731037
97	90	-0.03004886389688
98	50	-0.134347738097331
98	90	-0.107464205246196
99	50	-0.203617770290248
99	90	-0.169940796068998
100	50	-0.0453637946602236
100	90	-0.0170755359342042
101	50	0.0332266082551375
101	90	0.0157501250372854
102	50	-0.0978626059700587
102	90	-0.0713211797119857
103	50	-0.130393359955095
103	90	-0.0705590293520262
104	50	0.0810419529767967
104	90	0.0217342648620605
105	50	0.0218928675404541
105	90	-0.0166403258268435
106	50	-0.23660274060642
106	90	-0.194236170723041
107	50	-0.049454501353595
107	90	-0.0305211074520191
108	50	-0.0229615167565934
108	90	-0.00283051412532545
109	50	-0.0670983682455553
109	90	-0.0608048010346852
110	50	-0.0730386057346162
110	90	-0.0834934153502093
111	50	0.0101280495658608
111	90	0.0361831834326147
112	50	0.0200876258890482
112	90	0.0041128018103725
113	50	0.0296670824977515
113	90	-0.0091298687065717
114	50	-0.0659375385263124
114	90	-0.0300493061521504
115	50	-0.111260058038228
115	90	-0.107024633559312
116	50	-0.0410291330187523
116	90	-0.0310632004804359
117	50	0.00621328229297136
117	90	0.0240029927296924
118	50	-0.101645074003804
118	90	-0.0902918399672027
119	50	-0.19925425277561
119	90	-0.1447718815694
120	50	-0.223058684114998
120	90	-0.13576342457958
121	50	-0.00556320216036778
121	90	-0.00178966565084255
122	50	-0.00368953204590185
122	90	0.00420718493164045
123	50	-0.063797606812605
123	90	-0.0288901872330542
124	50	-0.0200055339929476
124	90	-0.0296343924403852
125	50	-0.0644600919120204
125	90	-0.042300686167339
126	50	-0.0672145314520269
126	90	-0.048461379046206
127	50	-0.0278919173082244
127	90	-0.0270784883935676
128	50	-0.032704463660332
128	90	-0.0139639263225108
129	50	-0.0775378759005705
129	90	-0.0891433510163917
130	50	-0.0077044601443126
130	90	-0.0451829138491692
131	50	0.0256097384478764
131	90	0.0412221468169121
132	50	-0.0837067183106095
132	90	-0.042218308835643
133	50	-0.284670949941457
133	90	-0.16148922360675
134	50	-0.188377704080313
134	90	-0.177470806222679
135	50	-0.1071441759497
135	90	-0.0754734680667007
136	50	-0.0580706630802901
136	90	-0.0893258033893426
137	50	-0.0912478031706067
137	90	-0.0979389796422743
138	50	-0.00907376487398149
138	90	-0.00219557756483681
139	50	-0.146193800591337
139	90	-0.0693025471939119
140	50	0.0203311651718081
140	90	-0.0195172508120603
141	50	-0.0373706785207299
141	90	-0.0397355665685459
142	50	0.0364645825119321
142	90	0.0232490238945499
143	50	-0.0473799701604945
143	90	-0.0136059812776688
144	50	-0.26091998675682
144	90	-0.204021230354198
145	50	-0.137094850316089
145	90	-0.0944557226199728
146	50	0.0231833709800021
146	90	0.00448698488434902
147	50	-0.124306486482679
147	90	-0.104937585187827
148	50	0.0133480219792568
148	90	0.0298912083689252
149	50	-0.172178214112926
149	90	-0.100598254520564
150	50	-0.0859658751894624
150	90	-0.0856253216671926
151	50	-0.00396686477997869
151	90	0.00988567116342613
152	50	-0.166041946406329
152	90	-0.154917891969419
153	50	-0.215084819643686
153	90	-0.161900966184562
154	50	-0.255580895690802
154	90	-0.205426347999048
155	50	-0.0281881677833075
155	90	-0.0633306160415126
156	50	-0.0378268736393385
156	90	-0.0107556575834841
157	50	-0.0715455732963689
157	90	-0.0518167637897348
158	50	-0.0169564590721074
158	90	-0.0358453057708518
159	50	-0.0597629955440261
159	90	-0.0413800230920872
160	50	-0.0906821919410894
160	90	-0.099336948191683
161	50	0.079304895248109
161	90	0.0618063325383748
162	50	-0.0597351038425463
162	90	-0.0608223219594575
163	50	0.0791562778367769
163	90	0.0187801241051791
164	50	-0.0249048309387602
164	90	0.000877649384641443
165	50	-0.140368515050493
165	90	-0.118803987370631
166	50	-0.137763934305812
166	90	-0.103093246556936
167	50	-0.00489688783141609
167	90	-0.0282076241233434
168	50	-0.124178341465247
168	90	-0.0904039977088569
169	50	0.0965191480409266
169	90	0.0679912466455946
170	50	-0.0877479753622905
170	90	-0.069307650263033
171	50	-0.0503400511346244
171	90	-0.0183270535844819
172	50	-0.308693540111084
172	90	-0.231844687826341
173	50	-0.00386276137470814
173	90	-0.0447473737595875
174	50	-0.0245056234025612
174	90	-0.0531525042876772
175	50	-0.0293858966359647
175	90	-0.0247673725516407
176	50	-0.182553619778649
176	90	-0.118779891893402
177	50	-0.156238896846299
177	90	-0.0821022144925294
178	50	-0.0828659522253198
178	90	-0.0629449571092021
179	50	0.0593943779776498
179	90	0.0680126433210724
180	50	-0.0483717644283683
180	90	-0.0478562068086226
181	50	-0.0702409629357599
181	90	-0.0182658634097081
182	50	-0.0176468956717247
182	90	-0.0416342248691761
183	50	-0.177026088234886
183	90	-0.0955634696720887
184	50	-0.0895531683053579
184	90	-0.0547611153007312
185	50	-0.222569077423311
185	90	-0.183025204862668
186	50	0.00902642429826495
186	90	-0.020316469778591
187	50	0.0170819999717712
187	90	0.0115935415848007
188	50	-0.0825291122801866
188	90	-0.0599303079780065
189	50	-0.175593247298275
189	90	-0.117346354357699
190	50	-0.021634159019664
190	90	-0.00743964141304681
191	50	0.0609652459801663
191	90	0.0506976280505976
192	50	-0.17449905557866
192	90	-0.111055348009975
193	50	0.0202422972283383
193	90	-0.00938777782254337
194	50	-0.057567091361848
194	90	0.000458425754167485
195	50	-0.0189169106024664
195	90	-0.00606661029359094
196	50	-0.00111898887298858
196	90	-0.0129693662446229
197	50	-0.119913268485541
197	90	-0.0476393707348691
198	50	-0.0841623674125463
198	90	-0.0366097703037032
199	50	0.00563402278611957
199	90	0.0102103994505589
200	50	0.0140902340079557
200	90	-0.00154195378736436
201	50	-0.0966183612760661
201	90	-0.0558590767547251
202	50	-0.118298530952058
202	90	-0.0721638126934058
203	50	-0.0740742315080817
203	90	-0.101276758008193
204	50	-0.114943508136893
204	90	-0.042993617248892
205	50	-0.102863438972458
205	90	-0.0593574973132199
206	50	-0.113188160131039
206	90	-0.08048990287029
207	50	-0.0291166687910188
207	90	-0.0439630302236611
208	50	0.0177359670565697
208	90	-0.011580689067517
209	50	0.0326125466413777
209	90	0.0168303047087748
210	50	-0.125794281695515
210	90	-0.096081574999368
211	50	-0.0647425579265206
211	90	-0.050482655784531
212	50	-0.204661846290381
212	90	-0.168530949438865
213	50	-0.180741945617434
213	90	-0.106708096824473
214	50	-0.143164630092755
214	90	-0.142523142925777
215	50	-0.0456638831254212
215	90	-0.0710345292000642
216	50	-0.205414755376543
216	90	-0.18653848207119
217	50	0.0323392774677716
217	90	0.0125104318222261
218	50	-0.0915255884186795
218	90	-0.0762337870860982
219	50	-0.054986735711272
219	90	-0.051909660348943
220	50	-0.154501948298262
220	90	-0.0804159653651717
221	50	0.0693342874481492
221	90	0.0678159387945642
222	50	-0.0292485909355607
222	90	-0.0357437519649494
223	50	-0.00251658078953949
223	90	-0.0199058688615697
224	50	0.0820420996475721
224	90	0.0387572179465125
225	50	0.00244266153576738
225	90	0.0287185880195527
226	50	-0.106429578454653
226	90	-0.0617090567131647
227	50	-0.00477739273258369
227	90	-0.00220992759314278
228	50	-0.189376001585592
228	90	-0.133945712487641
229	50	-0.0307614728474329
229	90	-0.028727645601145
230	50	0.0277501549786237
230	90	-0.0304041251613883
231	50	-0.0567424063732592
231	90	0.00147147488655479
232	50	-0.122248856697067
232	90	-0.107017970045291
233	50	-0.0821578193589756
233	90	-0.0767887063937525
234	50	-0.137639256533351
234	90	-0.10228939808531
235	50	-0.049497974428064
235	90	-0.0461461323459747
236	50	-0.168591279659623
236	90	-0.115665334998079
237	50	0.00743449388768331
237	90	-0.0401172487469539
238	50	-0.0474339492910065
238	90	-0.0391500573654344
239	50	-0.0363853823430598
239	90	0.0106499671889481
240	50	-0.0613572561274401
240	90	-0.000404615947750324
241	50	-0.0669858307236868
241	90	-0.0303041260088456
242	50	0.00419472190563496
242	90	-0.0181822175976203
243	50	-0.0999047291002296
243	90	-0.0979318952051202
244	50	-0.235532110356665
244	90	-0.178455848640491
245	50	-0.101131202786975
245	90	-0.0525936401785184
246	50	0.0143161603712209
246	90	-0.0227428638574551
247	50	-0.0442597018337222
247	90	-0.0297059388557121
248	50	-0.074341287534313
248	90	-0.0692936872884437
249	50	-0.155268095973543
249	90	-0.134979119229905
250	50	-0.03934086260708
250	90	-0.0658432817693573
251	50	0.00902444918706818
251	90	0.00965806201024858
252	50	-0.0930171336653964
252	90	-0.101544604029038
253	50	-0.172534283625824
253	90	-0.157252240537475
254	50	-0.151979964281645
254	90	-0.0833293542168865
255	50	-0.0850897914346877
255	90	-0.0512974894253697
256	50	0.0604647337890394
256	90	0.0382320025302278
257	50	-0.0584590962341577
257	90	-0.0512303131998294
258	50	-0.0562297571919694
258	90	-0.0379163244589272
259	50	-0.16525994530471
259	90	-0.094820089313533
260	50	-0.238002279290251
260	90	-0.207163153581967
261	50	-0.253420374779739
261	90	-0.124200427777527
262	50	-0.0996810505650371
262	90	-0.0682960659555655
263	50	-0.106755982374635
263	90	-0.0600282839335032
264	50	-0.0649861292549954
264	90	-0.0237294613234555
265	50	-0.0962506336244635
265	90	-0.0873883596051023
266	50	-0.120246930857323
266	90	-0.0976537044224318
267	50	-0.108725327808108
267	90	-0.0602919125284569
268	50	-0.0424649979978038
268	90	-0.0402290408581984
269	50	-0.050238180531926
269	90	-0.0654270558941149
270	50	-0.229526836975392
270	90	-0.142047655118412
271	50	0.0564966883069471
271	90	0.029970938175996
272	50	-0.0308593639338013
272	90	-0.0234048510469844
273	50	-0.179098647534787
273	90	-0.113457760872583
274	50	-0.00369638555275293
274	90	0.00572109887763824
275	50	-0.208307037502658
275	90	-0.111622150705097
276	50	0.0631283763595088
276	90	0.00670556709201378
277	50	-0.118529442832851
277	90	-0.122032288161277
278	50	-0.257995439740222
278	90	-0.2321999362015
279	50	-0.0841718012309729
279	90	-0.0688150500720411
280	50	-0.0164352978252201
280	90	-0.0113155036152248
281	50	0.059502096892311
281	90	0.0332643571041402
282	50	-0.241583800744681
282	90	-0.141843409804012
283	50	-0.0406390756978374
283	90	-0.049013537874
284	50	-0.00773866594158612
284	90	-0.0440656261853825
285	50	-0.100833607524018
285	90	-0.0745343221983095
286	50	-0.110985722110798
286	90	-0.133382206276291
287	50	-0.0337475367338505
287	90	-0.0316689068802021
288	50	0.0770928992678097
288	90	0.0316319106923374
289	50	-0.101017712954741
289	90	-0.0757722618627176
290	50	-0.0154852722231679
290	90	-0.0425959149065148
291	50	-0.0415019837842749
291	90	0.00992350768186313
292	50	-0.0958721832490169
292	90	-0.0501924967046524
293	50	-0.18021978792338
293	90	-0.120861239339655
294	50	-0.206021251805602
294	90	-0.142488349926282
295	50	-0.0642914614970597
295	90	-0.0901973636280579
296	50	-0.170648361772302
296	90	-0.118090682535113
297	50	-0.244562695035898
297	90	-0.199002433645299
298	50	-0.0276121678324109
298	90	0.0213206683284239
299	50	0.0314112803553276
299	90	0.0602343167710846
300	50	-0.0806861116045011
300	90	-0.0607677796809516
301	50	-0.107079465921214
301	90	-0.0568347475539929
302	50	-0.081210585859821
302	90	-0.00745376578870282
303	50	-0.176612423844583
303	90	-0.088297739143849
304	50	-0.227490281155499
304	90	-0.188502636963338
305	50	0.0204813230235833
305	90	0.00113373639198774
306	50	-0.0027437632815469
306	90	-0.0146748591477197
307	50	-0.243235397281673
307	90	-0.133402525071098
308	50	-0.1534822034246
308	90	-0.187055716526532
309	50	-0.0256587327511118
309	90	-0.0201512388954616
310	50	-0.0314200543282979
310	90	-0.0427163849024796
311	50	-0.090992272179582
311	90	-0.0318015502946322
312	50	-0.125557964977778
312	90	-0.0709047295121766
313	50	-0.00694106098124042
313	90	-0.0157813410357348
314	50	-0.166514557929451
314	90	-0.174759484351681
315	50	-0.0779685289553853
315	90	-0.104399999521399
316	50	-0.0880566228116019
316	90	-0.0428172046422208
317	50	-0.105956943365718
317	90	-0.055643688131277
318	50	-0.0602612662672647
318	90	-0.0230952678702689
319	50	-0.00329138541744843
319	90	-0.0205948892327329
320	50	-0.0719999899850376
320	90	-0.0326503518278781
321	50	-0.00209482175939483
321	90	0.0198718710294837
322	50	0.0826157935312063
322	90	0.0257686696215654
323	50	-0.0951563599876117
323	90	-0.0726412079906765
324	50	-0.0241104894867215
324	90	-0.0580898734498054
325	50	-0.113861615322842
325	90	-0.0924149618921673
326	50	-0.0819863508316894
326	90	-0.0752959586138758
327	50	-0.132361019209531
327	90	-0.134552656078529
328	50	-0.177797338608517
328	90	-0.17264818895707
329	50	0.0362399873337937
329	90	0.0189462660372319
330	50	-0.109026868569799
330	90	-0.0888048182788357
331	50	0.0294345812230881
331	90	-0.0097142031230674
332	50	-0.130313614663283
332	90	-0.149232234988359
333	50	-0.0664268010378357
333	90	-0.0775106119689492
334	50	-0.0778011098806697
334	90	-0.0601561279165833
335	50	-0.00662364844783246
335	90	-0.0387846915573003
336	50	-0.162666123954702
336	90	-0.126694455662429
337	50	-0.0955489370121064
337	90	-0.0428898912226086
338	50	0.0408684568835771
338	90	0.0158159995023974
339	50	-0.10197591609
339	90	-0.0819388744040072
340	50	-0.194399121855645
340	90	-0.141913393116077
341	50	-0.0122016797574429
341	90	-0.0157992024021552
342	50	-0.0857049894183167
342	90	-0.0294144168122402
343	50	-0.0806533827808358
343	90	-0.0542677594679241
344	50	-0.229693659586993
344	90	-0.143468306684576
345	50	-0.145490117380798
345	90	-0.0560756763394361
346	50	-0.154763135579658
346	90	-0.091531024171467
347	50	-0.13432356981664
347	90	-0.0773258518355476
348	50	0.0959609578237375
348	90	0.0665377869694951
349	50	-0.0917331383404485
349	90	-0.0602029476883728
350	50	0.000720828357716953
350	90	-0.0193113945618763
351	50	-0.00823815854516043
351	90	-0.0560250730919879
352	50	-0.0296652952615201
352	90	-0.0144503089042125
353	50	-0.0716630615898879
353	90	-0.0195231269880474
354	50	-0.249399055005123
354	90	-0.214815769594811
355	50	-0.142654608120287
355	90	-0.067831176274461
356	50	-0.0549251690598505
356	90	-0.0488447769769456
357	50	-0.0950524604317909
357	90	-0.0525588899609247
358	50	-0.0186750094987445
358	90	-0.044744533503887
359	50	0.0387755587490686
359	90	-0.0132489239642799
360	50	-0.0583282148450341
360	90	-0.0688208740322441
361	50	-0.189824267284224
361	90	-0.108105544633777
362	50	-0.0418295227943219
362	90	-0.0593323728360224
363	50	-0.0742241033171827
363	90	-0.0787710839988114
364	50	-0.0233426013316342
364	90	-0.0267680947312911
365	50	-0.143563982300341
365	90	-0.0816711778953921
366	50	-0.177645973528595
366	90	-0.153098199935649
367	50	-0.11539513637191
367	90	-0.0767544967348308
368	50	0.00805796735130833
368	90	0.00600186157362059
369	50	-0.121654712662497
369	90	-0.0980414448287246
370	50	-0.34912645800925
370	90	-0.246926248198615
371	50	-0.141480995213378
371	90	-0.0977593035169772
372	50	-0.153697630022235
372	90	-0.125541671090854
373	50	-0.00163526845924919
373	90	-0.00326608212514085
374	50	0.0125398061862175
374	90	0.0234301654041571
375	50	-0.0359429107298211
375	90	-0.0230662186002976
376	50	-0.181462288542598
376	90	-0.128953375093246
377	50	0.0166201866813689
377	90	-0.00659134831626016
378	50	-0.146012874738974
378	90	-0.0847998455636286
379	50	-0.119319140377486
379	90	-0.0793873025571212
380	50	-0.0723953150234955
380	90	-0.0765616388597601
381	50	-0.235149521426076
381	90	-0.205902810406062
382	50	-0.172125087382789
382	90	-0.134109057563316
383	50	-0.0796864287807516
383	90	-0.0153304670661803
384	50	-0.202857162888814
384	90	-0.135468421396236
385	50	-0.0239412952101872
385	90	-0.0133494478142205
386	50	-0.0992437370109969
386	90	-0.0389998409055836
387	50	-0.0777440903944088
387	90	-0.0764058700930704
388	50	0.00330119176055167
388	90	0.00965166424047356
389	50	-0.0509037063849774
389	90	-0.040228734208601
390	50	-0.0754299757998729
390	90	-0.0610902386208508
391	50	-0.149717917710404
391	90	-0.135026615068516
392	50	0.00307542151544629
392	90	0.00497000186926122
393	50	-0.015442972436174
393	90	-0.0596125733679676
394	50	-0.253704654739947
394	90	-0.167247716584019
395	50	-0.0914749664129957
395	90	-0.0774129703317073
396	50	-0.157301123212359
396	90	-0.113314418502264
397	50	-0.167294463524727
397	90	-0.149310271032385
398	50	-0.135409101096906
398	90	-0.0712909542594254
399	50	-0.147973775186866
399	90	-0.145787087226503
400	50	0.0460536928876714
400	90	0.00202669289149962
401	50	-0.0208112334848807
401	90	-0.0199874055661019
402	50	-0.311086315160177
402	90	-0.247870761747435
403	50	0.0236303040540479
403	90	0.0540999759710986
404	50	-0.0326881565890042
404	90	-0.0339234374601727
405	50	-0.0799186996393302
405	90	-0.00333685880156051
406	50	0.00925654157965132
406	90	0.0240953678955821
407	50	-0.168974947496678
407	90	-0.125554518845506
408	50	-0.138028530583791
408	90	-0.0894128769563568
409	50	-0.0497068711161317
409	90	-0.0301202390803043
410	50	-0.0729575537594232
410	90	-0.0657359158118245
411	50	0.0406641084958666
411	90	-0.00897765952377087
412	50	0.0432000729929365
412	90	0.00607280951566712
413	50	-0.0115514682276441
413	90	-0.0258397373521939
414	50	-0.0104932104658964
414	90	-0.0275875748649555
415	50	-0.0264055161956708
415	90	-0.0450205690130242
416	50	-0.157962784090891
416	90	-0.138262835762901
417	50	-0.0583505304532977
417	90	-0.0349147148274265
418	50	-0.223836481400568
418	90	-0.143041439159075
419	50	-0.0606576306819524
419	90	-0.0697433122617375
420	50	-0.0944954266505261
420	90	-0.0564331054071652
421	50	-0.270318341606004
421	90	-0.196495876226557
422	50	-0.175544455694865
422	90	-0.150774906435407
423	50	-0.0763989881485423
423	90	-0.0630043779554815
424	50	0.0450788111992507
424	90	0.039244150773814
425	50	-0.133752517333351
425	90	-0.0700432934107279
426	50	-0.146890724668141
426	90	-0.121863451437471
427	50	-0.0986596927422972
427	90	-0.0676780593315337
428	50	0.044279011059137
428	90	0.0410855775227137
429	50	0.03116329435047
429	90	0.00830338523008844
430	50	-0.0383442254762277
430	90	-0.0199038934611588
431	50	-0.0445631061528531
431	90	-0.0690801769235709
432	50	-0.12379831282526
432	90	-0.107618133506044
433	50	-0.0356135784682788
433	90	-0.0295169460088287
434	50	-0.0707460268235463
434	90	-0.0507092865933397
435	50	-0.0531627259431865
435	90	-0.0649980218330568
436	50	-0.139529467341951
436	90	-0.0677113564704781
437	50	-0.0803189819199175
437	90	-0.0639222742655576
438	50	-0.13149310413395
438	90	-0.0642115396948689
439	50	-0.202396325314835
439	90	-0.145334306339592
440	50	-0.121792232574204
440	90	-0.0742784823977048
441	50	0.0209438506393292
441	90	0.039002787894745
442	50	-0.152259531901471
442	90	-0.129698343348171
443	50	-0.194663603927978
443	90	-0.150238302409423
444	50	-0.0419784678318939
444	90	-0.0378867672346917
445	50	-0.104363016324544
445	90	-0.0873054605636367
446	50	0.0231141800722066
446	90	0.0252932952350654
447	50	-0.171319601757167
447	90	-0.151767255358989
448	50	-0.226084142338858
448	90	-0.198932464578722
449	50	-0.112314868965658
449	90	-0.0877529848968111
450	50	-0.218965073663182
450	90	-0.157028729874647
451	50	-0.104790068934426
451	90	-0.0781313833580372
452	50	-0.114185254515178
452	90	-0.127956465822258
453	50	-0.0477275529629008
453	90	-0.0384354491501635
454	50	-0.075117250795928
454	90	-0.0500139320145324
455	50	-0.228090698243957
455	90	-0.119587728629114
456	50	0.0317332136903079
456	90	0.023084800715458
457	50	0.0247591066439589
457	90	0.0248607835446232
458	50	0.0417988295461027
458	90	0.0148561988609657
459	50	0.00856912740336182
459	90	-0.0118491696511639
460	50	-0.0747401573770207
460	90	-0.0303933526265844
461	50	-0.0835052956680369
461	90	-0.0823448644160751
462	50	-0.116949498970364
462	90	-0.119412305877965
463	50	-0.00224414251023685
463	90	-0.0231807291519232
464	50	-0.10516024726515
464	90	-0.0740209940319064
465	50	-0.0990826939802294
465	90	-0.047593476795169
466	50	0.0804894765276621
466	90	0.041106495073222
467	50	-0.182874777691637
467	90	-0.126723117836806
468	50	-0.0313360185430457
468	90	-0.0443850247784717
469	50	-0.00517350688819655
469	90	0.0169380512286305
470	50	0.0538935786151401
470	90	0.0311610293166473
471	50	-0.0064933854566306
471	90	-0.0288113324676759
472	50	-0.182630339459089
472	90	-0.111762446838444
473	50	-0.0821943351977318
473	90	-0.0491038323929782
474	50	-0.0863628891310646
474	90	-0.0742005654224344
475	50	-0.0320010484739159
475	90	-0.00785685844898699
476	50	-0.00134592086998774
476	90	0.00394921415816159
477	50	-0.102902275541512
477	90	-0.0997412038414338
478	50	0.0598768579132479
478	90	0.046877566784277
479	50	0.0479450581106977
479	90	-0.00692508199362946
480	50	0.0579349553004225
480	90	0.0609534638167871
481	50	-0.0663352769336325
481	90	-0.0464563593112686
482	50	-0.226000478487516
482	90	-0.141797783901439
483	50	-0.156257316240987
483	90	-0.132310850273875
484	50	0.00320254586519916
484	90	0.0371036952128752
485	50	-0.0915861190464325
485	90	-0.0679307944788186
486	50	-0.00697373049953347
486	90	0.00115660783092045
487	50	-0.114882513016274
487	90	-0.0710813975478817
488	50	-0.0814299290561927
488	90	-0.0542814135981717
489	50	0.0527543745525362
489	90	0.0105882782030147
490	50	0.0797969410437242
490	90	0.0585148955902323
491	50	-0.0955465917075322
491	90	-0.0788395573346548
492	50	-0.21810673431109
492	90	-0.142604434179005
493	50	0.00704893792464963
493	90	0.0180371537351818
494	50	0.0351109456399195
494	90	0.00551036930282809
495	50	0.0635490686876591
495	90	0.0346886965002549
496	50	-0.0964524873717362
496	90	-0.0956367360402784
497	50	0.0330028166228348
497	90	0.0248163857353294
498	50	-0.0138816338498982
498	90	-0.0241974137569219
499	50	-0.077883962846502
499	90	-0.0647275362988676
500	50	-0.0764053669709881
500	90	-0.0395262652957134
501	50	-0.0441675645067277
501	90	-0.0502609191187258
502	50	0.0191983414976942
502	90	0.00825785458948616
503	50	0.00648149038660668
503	90	0.0118881052958721
504	50	-0.0945065797712203
504	90	-0.0509242264946278
505	50	-0.0591348719544716
505	90	0.00416895272208445
506	50	0.0622437209879372
506	90	0.0621156148876445
507	50	-0.0210653342787025
507	90	-0.00732031933656751
508	50	-0.191075708837761
508	90	-0.145810105805641
509	50	-0.0637876854367901
509	90	-0.0156253811690777
510	50	-0.179672356038467
510	90	-0.121351049884097
511	50	-0.172110733144355
511	90	-0.0885539658568488
512	50	0.0220474704706223
512	90	-0.000641677439332168
513	50	-0.0913006010941417
513	90	-0.0414630087609097
514	50	-0.17048394706301
514	90	-0.122453894862348
515	50	-0.0354017713678345
515	90	-0.037278773354798
516	50	0.0281222136131257
516	90	-0.00426090829726555
517	50	-0.147322911138347
517	90	-0.114990987488182
518	50	-0.0352933500099627
518	90	-0.0490879230036367
519	50	-0.147610169466428
519	90	-0.101928544380406
520	50	0.042769629684402
520	90	0.00329055173389975
521	50	-0.0304455527430798
521	90	-0.00354717023206701
522	50	-0.108059867529777
522	90	-0.0526227702192747
523	50	0.0266850675428751
523	90	0.0120792461162212
524	50	-0.0358130101658534
524	90	-0.0128269780558126
525	50	-0.112886091082013
525	90	-0.0768763350592695
526	50	-0.0235878720443412
526	90	-0.0155257041929317
527	50	-0.243976293636458
527	90	-0.163588859289314
528	50	-0.075408833578973
528	90	-0.0359253054580313
529	50	-0.203267268807019
529	90	-0.122101710808839
530	50	-0.177511012882477
530	90	-0.124995930841773
531	50	-0.150485964314016
531	90	-0.12542295119026
532	50	-0.0771623556777361
532	90	-0.0655951482561206
533	50	0.0527989893200275
533	90	0.0283983987049817
534	50	0.0247065933140852
534	90	0.0188189213870818
535	50	-0.0713934014665166
535	90	-0.048800856431827
536	50	-0.11319519421606
536	90	-0.0857425970841697
537	50	-0.110989501977336
537	90	-0.0798186017476651
538	50	-0.0939466859147323
538	90	-0.0640116262940326
539	50	-0.0899391885426716
539	90	-0.0569899897369032
540	50	-0.0286686932333177
540	90	-0.0547675935123041
541	50	-0.0658416364775027
541	90	-0.0177652529766467
542	50	-0.0978477010832291
542	90	-0.11357846893536
543	50	-0.101476381833728
543	90	-0.0803017887083995
544	50	-0.098509224617192
544	90	-0.0404652744410803
545	50	-0.202611076027036
545	90	-0.140275907795327
546	50	-0.0119481145294087
546	90	-0.029857875217068
547	50	-0.0930073022651148
547	90	-0.052969986665347
548	50	-0.0238153436066474
548	90	-0.0259784887680214
549	50	-0.119939630638719
549	90	-0.0587543673071939
550	50	0.00625007159582739
550	90	-0.0174126427943192
551	50	-0.0263939321018518
551	90	-0.0744932109824136
552	50	-0.173929178802634
552	90	-0.146752711153902
553	50	0.0399281532541345
553	90	0.0138061372729404
554	50	-0.154857597429516
554	90	-0.111378678672609
555	50	-0.198483217928258
555	90	-0.222937945748229
556	50	-0.119232973806971
556	90	-0.0976176586861112
557	50	0.0310222089997186
557	90	0.00918490734278984
558	50	-0.0515356158354025
558	90	-0.0282877975843796
559	50	0.0352063230794528
559	90	0.00333431382436614
560	50	-0.109026667348402
560	90	-0.0730452402546235
561	50	-0.0858546871811501
561	90	-0.0530140920355663
562	50	-0.0787833521702122
562	90	-0.0584227327232829
563	50	0.00904753392246958
563	90	-0.0514281168876123
564	50	-0.135846881282892
564	90	-0.128302270777759
565	50	-0.03512092856
565	90	-0.0610698869720603
566	50	-0.0583559178441372
566	90	-0.0617241553872138
567	50	0.0141885305635497
567	90	-0.0509275023815073
568	50	-0.113186632171366
568	90	-0.113297843408506
569	50	-0.0763879576750535
569	90	-0.066295508000331
570	50	-0.0752063163445608
570	90	-0.0704123354048899
571	50	0.0510108580540867
571	90	0.0166828805833073
572	50	-0.105608968038186
572	90	-0.0644435953613756
573	50	-0.135879190690755
573	90	-0.107147316226417
574	50	-0.0840956404521162
574	90	-0.052141866667191
575	50	-0.20066709593438
575	90	-0.169332743354282
576	50	-0.0373984629261274
576	90	-0.028995627506324
577	50	-0.0752463199504627
577	90	-0.0625818544832917
578	50	-0.269924771993145
578	90	-0.203610666751476
579	50	-0.032788623907892
579	90	-0.0158144728909304
580	50	-0.0158645056144093
580	90	0.00263425246256594
581	50	-0.105089153891873
581	90	-0.103985396956724
582	50	-0.171738591718476
582	90	-0.085724808469781
583	50	-0.122783837420896
583	90	-0.131922110908593
584	50	-0.246737573004951
584	90	-0.186317708951041
585	50	0.0429535648042209
585	90	0.00863861144363914
586	50	-0.152400206464877
586	90	-0.085396538103523
587	50	-0.000152043082243732
587	90	-0.0197919792885598
588	50	-0.0456121945062029
588	90	-0.0522322416518137
589	50	-0.215450951452373
589	90	-0.137791052082505
590	50	-0.000461470318144386
590	90	0.0132370891506034
591	50	0.0418606351135351
591	90	0.0272475777587387
592	50	-0.154234369802709
592	90	-0.0883298892705644
593	50	-0.174403046851687
593	90	-0.117379193223798
594	50	-0.160825713611071
594	90	-0.193948923634166
595	50	-0.0906950720141334
595	90	-0.0886641547200401
596	50	0.0229764734768496
596	90	-0.0105158045424299
597	50	-0.168609539810715
597	90	-0.120186575683359
598	50	-0.0941530607908296
598	90	-0.0651319306005446
599	50	-0.154457698045578
599	90	-0.11524541114234
600	50	-0.141356941031807
600	90	-0.0886017648247835
601	50	-0.134690594277156
601	90	-0.0360898519081584
602	50	-0.182915932537434
602	90	-0.137185232560911
603	50	-0.131914384140481
603	90	-0.088035544507743
604	50	-0.0406988516157971
604	90	0.00227157474268022
605	50	0.0369331339587411
605	90	0.0481835891865588
606	50	-0.0880815933116157
606	90	-0.0648924726889362
607	50	-0.175251190572222
607	90	-0.106259935835285
608	50	-0.00733427106309211
608	90	-0.0172120962840168
609	50	-0.122471574519171
609	90	-0.091264167202932
610	50	-0.0228690133848377
610	90	-0.0260521373428164
611	50	0.0106616677318191
611	90	0.017562049291768
612	50	-0.142443215591393
612	90	-0.0653112093446779
613	50	-0.257445227782838
613	90	-0.167200020622848
614	50	-0.134470965183098
614	90	-0.0905258228109394
615	50	-0.210381540434776
615	90	-0.106894402843181
616	50	-0.00963522293563492
616	90	0.0211468569196383
617	50	-0.0624995346764699
617	90	-0.0610464591083808
618	50	-0.0728085570984141
618	90	-0.0704778875613545
619	50	-0.100909597440309
619	90	-0.0718281048038956
620	50	-0.0250469660726938
620	90	-0.0166316975884189
621	50	-0.0575037513361159
621	90	-0.0357139855951222
622	50	-0.0437967036834883
622	90	0.000650077597547061
623	50	-0.128512714437728
623	90	-0.0778343885115806
624	50	-0.108989762310576
624	90	-0.0734228933581506
625	50	-0.250050195924587
625	90	-0.194769418070777
626	50	-0.0774487499845923
626	90	-0.113074839161931
627	50	0.0786824898285152
627	90	0.0311227359390427
628	50	-0.167501901452097
628	90	-0.124427126455039
629	50	-0.046154854499
629	90	-0.0594098668172525
630	50	-0.0758280969838224
630	90	-0.0766905125921707
631	50	0.0153591349920825
631	90	0.020371890266118
632	50	-0.0713091113942746
632	90	-0.0505876022328334
633	50	-0.0183156797776126
633	90	-0.0356422643768316
634	50	0.000877819419065598
634	90	-0.00829979829132281
635	50	-0.00187284391505019
635	90	-0.00342970343867072
636	50	-0.0447621561333655
636	90	-0.0214521008526017
637	50	-0.046307752851622
637	90	-0.0260912818189475
638	50	-0.00715998764630301
638	90	-0.0021230150149755
639	50	-0.0418559036998261
639	90	-0.0545743156040086
640	50	-0.107795330295637
640	90	-0.101992869712605
641	50	-0.0482757285108909
641	90	-0.0536209247369895
642	50	-0.12917823934463
642	90	-0.0900618060567654
643	50	-0.0963669420594828
643	90	-0.117590496207624
644	50	-0.0639732710289055
644	90	-0.0486373357407345
645	50	-0.00937076900464162
645	90	-0.0426308560733568
646	50	-0.143031104904014
646	90	-0.106818683050225
647	50	-0.102440239992232
647	90	-0.115719956798736
648	50	-0.0623875690778785
648	90	-0.0432990876386826
649	50	-0.0996579350505043
649	90	-0.0656192661776445
650	50	-0.202885896014238
650	90	-0.175761403544155
651	50	0.046994313706722
651	90	0.0124871891640558
652	50	-0.00272616599892819
652	90	-0.0264401601050728
653	50	-0.0663280787815394
653	90	-0.0611138296745254
654	50	-0.299030493184834
654	90	-0.19100401458237
655	50	-0.156545633566298
655	90	-0.0866516989588224
656	50	-0.122464159181896
656	90	-0.121354939084711
657	50	-0.116290174977178
657	90	-0.0839657072645954
658	50	-0.121846874581036
658	90	-0.0866356549168129
659	50	0.0270680048077917
659	90	-0.0114960802020664
660	50	-0.0680217534747913
660	90	-0.0633127934453982
661	50	-0.0712921889684764
661	90	-0.0656437390400003
662	50	-0.140769994528665
662	90	-0.0525552771047991
663	50	0.0334343360634601
663	90	0.0046117937585878
664	50	0.0122442719447576
664	90	0.0318534879191413
665	50	-0.24803635187927
665	90	-0.153621241517272
666	50	-0.0164409194049018
666	90	-0.0333152595352867
667	50	-0.0486443486830603
667	90	-0.0331593677409058
668	50	0.0118052711348462
668	90	-0.00725108933621545
669	50	0.0351586835230378
669	90	0.0151235693822454
670	50	-0.0921646819271072
670	90	-0.0552093584053346
671	50	-0.0481074255417373
671	90	-0.0444980990004453
672	50	0.0144133773648968
672	90	3.56902433945184e-05
673	50	-0.0408432572136074
673	90	-0.00207767127672674
674	50	-0.00183757839595311
674	90	0.00495150004532406
675	50	-0.0971088222550789
675	90	-0.0459156295388418
676	50	0.0190447041741521
676	90	0.00404171278216707
677	50	-0.0120738217665997
677	90	-0.00875887500638017
678	50	-0.168281023543816
678	90	-0.142704169861699
679	50	-0.0100957958927474
679	90	0.00827684694365144
680	50	-0.0802159124982828
680	90	-0.0851536536950457
681	50	0.0151007059758188
681	90	0.0284467521782907
682	50	0.0936769462205467
682	90	0.0700292995831135
683	50	-0.0548423854321623
683	90	-0.0781497036529082
684	50	-0.0607707855794311
684	90	-0.0300760182735329
685	50	-0.0517367856940702
685	90	-0.0625027935111493
686	50	-0.0326617894031273
686	90	-0.0588348807702108
687	50	-0.119476412152706
687	90	-0.0798342262799979
688	50	-0.143637830410822
688	90	-0.121737447083613
689	50	-0.213550210211851
689	90	-0.129312080229937
690	50	-0.0991622358696704
690	90	-0.074862239796585
691	50	-0.0820962245678843
691	90	-0.0650297491621388
692	50	-0.299933137938631
692	90	-0.229046704307997
693	50	-0.0471448304949833
693	90	-0.0253763308765083
694	50	-0.0533681169171621
694	90	-0.0283932647772264
695	50	0.00690312038432807
695	90	0.00177351321324178
696	50	-0.177572652220407
696	90	-0.150902562402174
697	50	-0.143815782473268
697	90	-0.0799011029854569
698	50	-0.0921284673543296
698	90	-0.103807488480408
699	50	-0.145695286668957
699	90	-0.103046071518559
700	50	-0.134469813569869
700	90	-0.0889838234871003
701	50	-0.15342910648189
701	90	-0.117848620025718
702	50	-0.0341616846839205
702	90	0.0156503689976871
703	50	-0.0111389819269628
703	90	0.0117701341486158
704	50	-0.177163785610765
704	90	-0.0747329715724769
705	50	0.0761849735950142
705	90	0.0710345452816991
706	50	-0.1033609784169
706	90	-0.0638352756642324
707	50	-0.101651324991505
707	90	-0.0664513986659395
708	50	-0.0703126823064141
708	90	-0.0599892566192349
709	50	-0.0602800831640088
709	90	-0.0780905971764295
710	50	-0.206765587607035
710	90	-0.128508915857208
711	50	0.0775759752616629
711	90	0.067254696382336
712	50	0.00622967185411058
712	90	0.00447716931671249
713	50	-0.117688948834404
713	90	-0.0776958902914578
714	50	-0.126861218419843
714	90	-0.0665156759520971
715	50	0.00297214449783916
715	90	-0.0266909090681386
716	50	-0.0587765718550911
716	90	-0.0679139309969568
717	50	-0.0262765492125802
717	90	-0.0128487995426286
718	50	-0.0359054169973654
718	90	-0.0113430632066871
719	50	-0.0321658892391648
719	90	-0.0265496440558691
720	50	-0.103188597024189
720	90	-0.0866661781821304
721	50	-0.0260340294281801
721	90	-0.0283345695365459
722	50	-0.0443182630049251
722	90	-0.0472015896255097
723	50	-0.0807389825562663
723	90	-0.0468894915418083
724	50	-0.0195916900466114
724	90	-0.00170998995997519
725	50	-0.00564785225211583
725	90	0.00401855714387928
726	50	-0.00744307096011345
726	90	0.0010520819933608
727	50	-0.101329185399491
727	90	-0.0399723667113068
728	50	-0.110300545138818
728	90	-0.0756863272261333
729	50	-0.108022504428854
729	90	-0.0385180257607838
730	50	-0.0755483030379609
730	90	-0.0878246163217864
731	50	-0.194446163213174
731	90	-0.135238154623914
732	50	-0.0376552550276526
732	90	-0.0218239193821197
733	50	-0.0826626657910153
733	90	-0.0186314156380124
734	50	-0.0889295186075619
734	90	-0.12944961203966
735	50	-0.0322636916228524
735	90	-0.00113881608614664
736	50	-0.192570444305087
736	90	-0.150296847717468
737	50	0.0086207723538313
737	90	-0.00228812517724283
738	50	-0.108818771670055
738	90	-0.0860528605629283
739	50	-0.236771156939523
739	90	-0.173549665606605
740	50	-0.216189718083899
740	90	-0.141828310364152
741	50	-0.125943918827206
741	90	-0.104284534775627
742	50	-0.116429008802633
742	90	-0.050115079241396
743	50	-0.158021843873518
743	90	-0.134796569663235
744	50	-0.106595115872478
744	90	-0.0601246794423038
745	50	-0.0662245405258169
745	90	-0.0542859966349405
746	50	-0.0355819993416188
746	90	-0.0152185145135963
747	50	-0.0525070719053634
747	90	-0.050826816399476
748	50	-0.10776253187956
748	90	-0.0763833325828248
749	50	-0.030207930347633
749	90	0.0281865830839408
750	50	-0.0798078140103114
750	90	-0.0803803825340214
751	50	-0.0544210717308152
751	90	-0.0375290863813296
752	50	-0.167166343664823
752	90	-0.115940505069042
753	50	-0.197661534951304
753	90	-0.143731032965678
754	50	-0.030744868458308
754	90	-0.0534528440231066
755	50	-0.232170180919498
755	90	-0.18722330601347
756	50	0.00352436247643509
756	90	-0.025165063789968
757	50	-0.0798426475566793
757	90	-0.0666048560448693
758	50	-0.145574447236942
758	90	-0.109399158958153
759	50	-0.0403020751473303
759	90	-0.0254037127077943
760	50	-0.017582623152092
760	90	0.00633600872602012
761	50	-0.0669339731976878
761	90	-0.0604811572686312
762	50	-0.169110721003495
762	90	-0.109612215839385
763	50	-0.164192274262455
763	90	-0.139965609738705
764	50	-0.0479558256440812
764	90	-0.015332788981164
765	50	0.0263856405008478
765	90	0.0136833364202583
766	50	-0.111033243651145
766	90	-0.0767449604377098
767	50	-0.00342119392750251
767	90	-0.023838417529016
768	50	-0.146898306694298
768	90	-0.12476592870847
769	50	-0.0320290034230411
769	90	0.00382845315030826
770	50	-0.0693765052640761
770	90	-0.0573326223353246
771	50	-0.0422568678123264
771	90	-0.0199893368233691
772	50	0.0017733810727601
772	90	0.00902115743249186
773	50	-0.261261587855296
773	90	-0.18777907886755
774	50	-0.132809130266299
774	90	-0.0674537306223665
775	50	0.0630867437077539
775	90	0.00342826813501865
776	50	-0.0969497092484201
776	90	-0.0312171435246536
777	50	-0.185068144052054
777	90	-0.122056791976466
778	50	-0.104643712507869
778	90	-0.0736854714091773
779	50	-0.037478944420977
779	90	-0.0171957854716123
780	50	0.0338071219454165
780	90	0.023745830387255
781	50	-0.0266638160441567
781	90	-0.05561458119186
782	50	-0.00826257274456409
782	90	-0.00983903783164606
783	50	-0.132990844280756
783	90	-0.134124025298869
784	50	-0.222346331364103
784	90	-0.207545890534402
785	50	-0.130942173576381
785	90	-0.113126824441944
786	50	-0.138562519091048
786	90	-0.141810099685159
787	50	0.0430812665490936
787	90	0.0264475481024749
788	50	-0.191480197129232
788	90	-0.164371623943087
789	50	-0.191644241724924
789	90	-0.1277207438423
790	50	-0.0702388810132491
790	90	-0.0918766707942687
791	50	-0.00328602437628641
791	90	-0.0434887664581656
792	50	0.0603544889052762
792	90	0.0742648226797143
793	50	-0.131021625655844
793	90	-0.133387133568427
794	50	-0.0435223542426264
794	90	-0.0147617976253964
795	50	-0.00104061995336656
795	90	-0.0154304231184647
796	50	0.00745842468804887
796	90	-0.0384692927853676
797	50	0.0203093921140795
797	90	-0.0128732479633304
798	50	-0.165723277528968
798	90	-0.146200248130373
799	50	-0.0907487510645658
799	90	-0.0987423298913846
800	50	-0.0457941481681551
800	90	-0.0815104041438457
801	50	-0.119161468020637
801	90	-0.0675602717327042
802	50	-0.0459881059720997
802	90	-0.0355630710254498
803	50	-0.101240879586577
803	90	-0.0903896553605594
804	50	-0.076264708531427
804	90	-0.0284791660269555
805	50	-0.0732155044629162
805	90	-0.0437429846847882
806	50	-0.0612850526478721
806	90	-0.0475898291491691
807	50	-0.193573133087677
807	90	-0.166847861631807
808	50	-0.0334362800939538
808	90	-0.0523830979406076
809	50	0.0175737551375071
809	90	-0.0466152322124704
810	50	-0.0466846647419392
810	90	-0.0595288498193143
811	50	-0.0166668506807193
811	90	-0.0202206723788233
812	50	-0.108898007643559
812	90	-0.0619690028502201
813	50	-0.0499153340122236
813	90	-0.0356780194950413
814	50	-0.0838288970639888
814	90	-0.0492226146494708
815	50	-0.12048162056312
815	90	-0.112439871320319
816	50	-0.0688852523775478
816	90	-0.0205587636744548
817	50	-0.136457191613774
817	90	-0.0642972385224354
818	50	-0.190775637782239
818	90	-0.113660994074582
819	50	-0.132621084001792
819	90	-0.0902280948076108
820	50	-0.0960899756399379
820	90	-0.0732654004735003
821	50	-0.250038294244671
821	90	-0.152131740577824
822	50	0.0385612119779115
822	90	0.00523269531606494
823	50	0.00978141857048437
823	90	0.015355484182555
824	50	-0.0759117318756461
824	90	-0.0834498488190001
825	50	-0.137384919040133
825	90	-0.117243700975735
826	50	-0.0425082879861942
826	90	-0.0525919294899367
827	50	0.0742633262536533
827	90	0.0597592375218731
828	50	-0.210339441901818
828	90	-0.16907373219323
829	50	-0.0505753315409852
829	90	-0.0419979155439658
830	50	-0.114113324568676
830	90	-0.0833363700830808
831	50	-0.0440821924107225
831	90	0.000520177739687809
832	50	0.0250868981209153
832	90	0.022457355407506
833	50	-0.0654032527730262
833	90	-0.0941917948298411
834	50	-0.067941962600872
834	90	-0.0795124455484343
835	50	0.00982681830011601
835	90	-0.00963796343883463
836	50	-0.0937812267867726
836	90	-0.116156785086005
837	50	0.0317656824590718
837	90	-0.0374803870709526
838	50	-0.0338150615546751
838	90	-0.0592277436840289
839	50	-0.0941752292020712
839	90	-0.0663994743285414
840	50	-0.159636310256527
840	90	-0.155609863195975
841	50	-0.0930613901537406
841	90	-0.035527993910128
842	50	-0.0404935486307967
842	90	-0.0333223960524603
843	50	-0.0234389844017178
843	90	-0.023517016721044
844	50	-0.0651361841049857
844	90	-0.0617222500332949
845	50	-0.141733925640016
845	90	-0.139311472615283
846	50	0.035259999430573
846	90	0.0215574788966303
847	50	-0.0924172654816151
847	90	-0.0856236550877714
848	50	-0.113101747223795
848	90	-0.0743399193720029
849	50	-0.188066672216903
849	90	-0.150729425557073
850	50	-0.0271660193355926
850	90	-0.00921876967253642
851	50	-0.142425891213479
851	90	-0.104204300067715
852	50	-0.147147082332071
852	90	-0.0734826604684392
853	50	-0.065456597159817
853	90	-0.025016479883939
854	50	-0.179273875250228
854	90	-0.118781877429341
855	50	-0.0970981828829761
855	90	-0.0545817704335011
856	50	-0.0291412397033315
856	90	-0.0161884600823478
857	50	-0.193163364277811
857	90	-0.111350676715449
858	50	-0.0497609044132682
858	90	-0.0316135179356293
859	50	0.00964294633925067
859	90	-0.00191917636434492
860	50	-0.12163818278744
860	90	-0.117244206495301
861	50	0.0326649000059146
861	90	0.0245505215992654
862	50	-0.0355249991454645
862	90	-0.0618541164638149
863	50	-0.168645296749502
863	90	-0.15325815089157
864	50	-0.280432545419668
864	90	-0.246927198426423
865	50	-0.0368556676241137
865	90	-0.0253426301172994
866	50	-0.0808296511817401
866	90	-0.0486969430108898
867	50	-0.115109785757654
867	90	-0.0812259521295506
868	50	-0.0832831090786197
868	90	-0.0941135112886937
869	50	-0.0479281301908947
869	90	-0.0314337700921864
870	50	-0.00859322028254847
870	90	0.0241397310978645
871	50	-0.136052881815127
871	90	-0.125419116072842
872	50	0.00822261432764175
872	90	0.0105269900303528
873	50	-0.0679908378050366
873	90	-0.0563331144768739
874	50	-0.256132153222605
874	90	-0.184446689048062
875	50	-0.063489694919469
875	90	-0.0883761745748262
876	50	-0.0626964526920855
876	90	-0.0635607572875679
877	50	-0.010923599141878
877	90	-0.0247156525215926
878	50	-0.00747423075222559
878	90	0.00322669343032789
879	50	-0.00367091004892223
879	90	-0.0235480075468001
880	50	-0.122971035627711
880	90	-0.0977641987260287
881	50	-0.0748592679486177
881	90	-0.0472484246700661
882	50	-0.081911851390387
882	90	-0.0715414372137838
883	50	-0.0496373522876274
883	90	-0.0248799785163608
884	50	-0.203395799394206
884	90	-0.120115003239639
885	50	-0.0502554061757873
885	90	-0.0152928144827306
886	50	-0.149088309966209
886	90	-0.100500838555319
887	50	-0.032095768034664
887	90	-0.0394502817497804
888	50	-0.165282894999796
888	90	-0.102765453241241
889	50	-0.02308453285974
889	90	-0.0141222374836192
890	50	-0.134919947240467
890	90	-0.05524443658275
891	50	-0.180660725679078
891	90	-0.124158870002108
892	50	-0.0443207007483927
892	90	-0.0520017283079046
893	50	-0.13692977768744
893	90	-0.0890788760352427
894	50	-0.0813129851183089
894	90	-0.0329612943849526
895	50	-0.0231467448620144
895	90	-0.00971919185485257
896	50	-0.00927692833429342
896	90	-0.0340155424908943
897	50	-0.0690620491057237
897	90	-0.0300633725070351
898	50	0.0182560632925909
898	90	-0.0178292151550809
899	50	-0.0035112386266729
899	90	0.00152820077933152
900	50	0.0157303538431321
900	90	0.00825865490801734
901	50	-0.00198863116180321
901	90	0.0206084074538977
902	50	-0.141074536526984
902	90	-0.0845225446877351
903	50	0.00796279615972715
903	90	0.0217968979568032
904	50	-0.142409836337198
904	90	-0.120699232090879
905	50	-0.378525801800748
905	90	-0.300911234026757
906	50	0.0386052581846802
906	90	0.0450255915778445
907	50	-0.140925237546056
907	90	-0.0515712025548032
908	50	-0.030883683734785
908	90	0.00825358060834813
909	50	0.030623863500141
909	90	0.00528144651923119
910	50	-0.0197689023107636
910	90	-0.0636425440341534
911	50	-0.167242877590578
911	90	-0.126562175945827
912	50	-0.172866909927025
912	90	-0.119624931016822
913	50	-0.159867086000564
913	90	-0.162083609396604
914	50	-0.159623377597179
914	90	-0.121598944553682
915	50	0.0394887180450812
915	90	0.0468322541599938
916	50	0.00902159848130074
916	90	-0.00146076406430327
917	50	-0.0601357693831436
917	90	-0.0580327247863614
918	50	-0.16419765546607
918	90	-0.121289660396089
919	50	-0.0292380595583197
919	90	-0.0398688507130705
920	50	-0.154935111205915
920	90	-0.100587277211954
921	50	-0.166717249456064
921	90	-0.11822657399778
922	50	-0.0882076209940431
922	90	-0.0303458075078885
923	50	-0.00625880642205955
923	90	-0.0110250245351703
924	50	-0.116165429724645
924	90	-0.112616975616398
925	50	-0.0563979011334432
925	90	-0.0562127536354762
926	50	-0.107940869070111
926	90	-0.0979154806499056
927	50	-0.0672001839420414
927	90	-0.0948840925016592
928	50	0.049796014286666
928	90	0.0381071356890265
929	50	-0.250036833830655
929	90	-0.172906382664352
930	50	-0.0538583617471163
930	90	-0.044045893946926
931	50	0.0226002002005859
931	90	0.0013467549302993
932	50	-0.0999970026587327
932	90	-0.0361848710216437
933	50	-0.0242216298997144
933	90	-0.0136051604283071
934	50	-0.227223034269766
934	90	-0.189555492265581
935	50	-0.145419856006975
935	90	-0.122607206211042
936	50	-0.225162735001756
936	90	-0.190913051588971
937	50	-0.189783843892683
937	90	-0.110945366588347
938	50	-0.102294562528044
938	90	-0.0670287901418351
939	50	-0.0567968434821342
939	90	-0.0244159688040652
940	50	-0.086708401291794
940	90	-0.0423552532197505
941	50	-0.222181990483075
941	90	-0.130943553995386
942	50	-0.299410801531733
942	90	-0.182967853900678
943	50	-0.0906790734989679
943	90	-0.109123386063126
944	50	-0.0996015362890882
944	90	-0.0686694609264655
945	50	-0.0540614279436643
945	90	-0.06163186824515
946	50	-0.0679345783087455
946	90	-0.0465268264217418
947	50	-0.0352564994968844
947	90	-0.079209043227204
948	50	-0.0769377161624319
948	90	-0.0902889042360425
949	50	-0.07740566187957
949	90	-0.0724602353424545
950	50	-0.133126941238764
950	90	-0.121180176400848
951	50	-0.15498433299172
951	90	-0.105258622058417
952	50	-0.201704957742653
952	90	-0.150820321553197
953	50	0.0903914657760345
953	90	0.0188188383993092
954	50	-0.0582914148149841
954	90	-0.0409041615230865
955	50	-0.133559625226438
955	90	-0.063976964481429
956	50	-0.154965918828358
956	90	-0.12114458299221
957	50	-0.054527239571274
957	90	-0.0273880410485375
958	50	0.00683733437088386
958	90	0.0196424210513587
959	50	0.0234695329984368
959	90	0.00146852360349975
960	50	-0.0575634486290115
960	90	-0.044744815534966
961	50	-0.10013821288962
961	90	-0.0538339145334681
962	50	-0.189115217648158
962	90	-0.115313475315007
963	50	-0.0592881207485962
963	90	-0.0648443203661447
964	50	-0.198910413556005
964	90	-0.119901999198398
965	50	-0.0225507835235752
965	90	-0.0480779072543275
966	50	-0.0633970466568027
966	90	-0.0875385111116591
967	50	-0.00391793408844222
967	90	0.0133698827412203
968	50	-0.10891818438707
968	90	-0.0772103770696446
969	50	-0.00611598940516191
969	90	-0.0324154643285778
970	50	0.0409764061399696
970	90	0.025724077830019
971	50	0.00933409963578848
971	90	-0.0165515592449622
972	50	-0.0766328442035027
972	90	-0.0627469278431863
973	50	-0.188075024539624
973	90	-0.103840167259664
974	50	-0.0168611747398782
974	90	-0.0270033659881629
975	50	-0.131915858069435
975	90	-0.0737579837067036
976	50	-0.128939991816924
976	90	-0.104216422323974
977	50	0.0715991924742576
977	90	0.0440340019889455
978	50	0.00814749671365471
978	90	-0.0018195676229942
979	50	-0.167294043611604
979	90	-0.163839783886986
980	50	-0.0866595343382735
980	90	-0.0578797229702459
981	50	-0.191963762847792
981	90	-0.162166844288661
982	50	0.0471628135359182
982	90	-0.0029945866306123
983	50	-0.191921010989942
983	90	-0.160878282665711
984	50	-0.111350102209154
984	90	-0.0952941294151109
985	50	-0.0760713756617447
985	90	-0.109218664207378
986	50	-0.0461981206757061
986	90	-0.0276172845923927
987	50	-0.219222890754695
987	90	-0.141806302510821
988	50	-0.0228320385396741
988	90	-0.00426012835124841
989	50	-0.13157363189924
989	90	-0.0799761274085947
990	50	-0.0597969203882654
990	90	-0.0551789599230998
991	50	-0.12526251059804
991	90	-0.080689147267529
992	50	0.0665923582015707
992	90	0.0259501749414623
993	50	-0.234174787632645
993	90	-0.166764363739971
994	50	-0.0704197909427464
994	90	-0.0275522390058036
995	50	-0.123019814294823
995	90	-0.103260738607428
996	50	-0.0774953299968473
996	90	-0.0545410605333992
997	50	-0.0840303722489193
997	90	-0.0483965470593761
998	50	-0.136565027378444
998	90	-0.107310275328302
999	50	-0.148308374293726
999	90	-0.0441799140568761
1000	50	-0.0202506231451664
1000	90	0.0158631623252118
