Iter	HR	R.cor
1	50	-0.0185699860112709
1	90	-0.060885543766034
2	50	-0.0868305260748025
2	90	-0.128921414287127
3	50	-0.118982975469196
3	90	-0.156271958258675
4	50	-0.2356627054354
4	90	-0.285540487132426
5	50	-0.151046492077383
5	90	-0.179364721832211
6	50	-0.161631576322772
6	90	-0.157196793871446
7	50	-0.08483541035543
7	90	-0.15988760512787
8	50	-0.155181171186311
8	90	-0.188492197567471
9	50	-0.0432245229202712
9	90	-0.155982822430413
10	50	-0.156915696591905
10	90	-0.196057341108331
11	50	-0.189403598529483
11	90	-0.209787964111527
12	50	-0.11049202693154
12	90	-0.155777044266067
13	50	-0.08962696114835
13	90	-0.135571618719825
14	50	-0.0920784652260889
14	90	-0.14301481101838
15	50	-0.105345552764817
15	90	-0.139444788472586
16	50	-0.207394195211855
16	90	-0.195791726132448
17	50	-0.0435956973430721
17	90	-0.114042843579943
18	50	-0.074738445969176
18	90	-0.14769275367014
19	50	-0.153313702557775
19	90	-0.216401235008514
20	50	-0.125497858639815
20	90	-0.181655650577828
21	50	-0.14512379894924
21	90	-0.209101270297112
22	50	-0.160472375610196
22	90	-0.190273591556582
23	50	-0.143375281658905
23	90	-0.141516007349014
24	50	-0.129198678717798
24	90	-0.176167674835545
25	50	-0.158833617061558
25	90	-0.223748616976844
26	50	-0.165951641421993
26	90	-0.166576934302351
27	50	-0.157677845501966
27	90	-0.208895050748021
28	50	-0.181731391632522
28	90	-0.207491463512783
29	50	-0.179356584088903
29	90	-0.158144054842271
30	50	-0.0957014596596016
30	90	-0.146814113867572
31	50	-0.120200260315448
31	90	-0.138438099584962
32	50	-0.145536406466894
32	90	-0.215553594987843
33	50	-0.0992608495187828
33	90	-0.159782526824199
34	50	-0.100620637100668
34	90	-0.147810077749154
35	50	-0.14748058590358
35	90	-0.186927921889669
36	50	-0.121725550037333
36	90	-0.175321818697625
37	50	-0.107506214739658
37	90	-0.173934438544528
38	50	-0.092583094028545
38	90	-0.174085251879959
39	50	-0.157105190073612
39	90	-0.200979731870384
40	50	-0.163413295453457
40	90	-0.164735461935518
41	50	-0.104891491922223
41	90	-0.177408923486658
42	50	-0.110018164592714
42	90	-0.158696598025579
43	50	-0.0560395214214504
43	90	-0.138166844818362
44	50	-0.124566399083625
44	90	-0.16479955151274
45	50	-0.0773020514961302
45	90	-0.153859905590558
46	50	-0.157630863514654
46	90	-0.218737399029604
47	50	-0.0293778054310291
47	90	-0.143435175403345
48	50	-0.172061018538128
48	90	-0.187785374858811
49	50	-0.113852659096456
49	90	-0.150505497319639
50	50	-0.109097901383182
50	90	-0.175516051947198
51	50	-0.212524377336714
51	90	-0.238032188798024
52	50	-0.0709804069975343
52	90	-0.140864478730248
53	50	-0.111431415633935
53	90	-0.195035922497319
54	50	-0.200640993284454
54	90	-0.193282442776862
55	50	-0.0833813461656995
55	90	-0.139759495375769
56	50	-0.146383623433979
56	90	-0.195205692175538
57	50	-0.172204141719238
57	90	-0.172026946340604
58	50	-0.0912041235471824
58	90	-0.176327944907479
59	50	-0.138558937747858
59	90	-0.161526828840407
60	50	-0.109207672755956
60	90	-0.172676610010869
61	50	-0.167657304045631
61	90	-0.236733740201219
62	50	-0.159283602897539
62	90	-0.167192266869066
63	50	-0.160724932973813
63	90	-0.16837441948761
64	50	-0.107648965430381
64	90	-0.148335897941953
65	50	-0.0719593944670639
65	90	-0.124295733420825
66	50	-0.0803472279486614
66	90	-0.136898137660126
67	50	-0.149319059022741
67	90	-0.185298102290783
68	50	-0.147706535004174
68	90	-0.216604063170259
69	50	-0.132127374237926
69	90	-0.19033690507123
70	50	-0.0443890490177294
70	90	-0.12384166658625
71	50	-0.162799791550686
71	90	-0.169134119277011
72	50	-0.160522863856467
72	90	-0.19405097146959
73	50	-0.0876080497324718
73	90	-0.136983006276313
74	50	-0.134729117502013
74	90	-0.151381220369728
75	50	-0.0865842828294437
75	90	-0.15029512139717
76	50	-0.0966741907765968
76	90	-0.182764810274033
77	50	-0.168545363988941
77	90	-0.178862817100385
78	50	-0.134801255737693
78	90	-0.227979305798457
79	50	-0.118083058078772
79	90	-0.165475424510837
80	50	-0.14304998399457
80	90	-0.159033904189421
81	50	-0.14107403630347
81	90	-0.159295513850385
82	50	-0.144492184854633
82	90	-0.205842312849647
83	50	-0.0807248850138213
83	90	-0.174855534662708
84	50	-0.0807330654122107
84	90	-0.156362696697333
85	50	-0.113776791176041
85	90	-0.173944126243036
86	50	-0.108015883659006
86	90	-0.163691262582205
87	50	-0.128165181316847
87	90	-0.206022860493506
88	50	-0.15523535867331
88	90	-0.23379854533296
89	50	-0.145256564674898
89	90	-0.180170158377105
90	50	-0.124166441340158
90	90	-0.15972324424
91	50	-0.00708121531869688
91	90	-0.130399012975092
92	50	-0.201780745354742
92	90	-0.221113819979978
93	50	-0.0902654573849053
93	90	-0.134604942927721
94	50	-0.135097720960272
94	90	-0.191418923150321
95	50	-0.178386962590362
95	90	-0.181847515653709
96	50	-0.170041199964668
96	90	-0.188353116694937
97	50	-0.102638288274533
97	90	-0.123089780866213
98	50	-0.160025338499926
98	90	-0.164126432651736
99	50	-0.143632878730548
99	90	-0.175335408014365
100	50	-0.160760185411049
100	90	-0.22697091370385
101	50	-0.253190873705683
101	90	-0.277441487033442
102	50	-0.177327381455249
102	90	-0.222626867659254
103	50	-0.176240630527575
103	90	-0.167409904728658
104	50	-0.00641181689755003
104	90	-0.0799544603243616
105	50	-0.0915823471214245
105	90	-0.118448661057518
106	50	-0.168520589395715
106	90	-0.186497247196785
107	50	-0.147097295954945
107	90	-0.202909022907808
108	50	-0.0657420016617869
108	90	-0.112489376516471
109	50	-0.0920770097686208
109	90	-0.159740434495468
110	50	-0.160382956782535
110	90	-0.175683740718299
111	50	-0.134980805062738
111	90	-0.168280692304414
112	50	-0.0831104570862198
112	90	-0.133967894534392
113	50	-0.121392121410416
113	90	-0.132379455559238
114	50	-0.131328294871556
114	90	-0.162662754675573
115	50	-0.137010585986053
115	90	-0.15713833693126
116	50	-0.140818823327773
116	90	-0.146897794819599
117	50	-0.161902024929649
117	90	-0.173166939844759
118	50	-0.0969251422776386
118	90	-0.173857605942626
119	50	-0.151394686770481
119	90	-0.186443819732562
120	50	-0.138715005837287
120	90	-0.177981747331116
121	50	-0.169084098162293
121	90	-0.229635334674104
122	50	-0.0920072206188341
122	90	-0.157608883227801
123	50	-0.0870110258854058
123	90	-0.124996301693538
124	50	-0.100038216974338
124	90	-0.177184600576654
125	50	-0.0811424849103504
125	90	-0.140503088027568
126	50	-0.236227263256438
126	90	-0.226554302296543
127	50	-0.199564110713894
127	90	-0.241862984769342
128	50	-0.161744994014341
128	90	-0.194971114870401
129	50	-0.188648841374465
129	90	-0.219796600858922
130	50	-0.130176511516549
130	90	-0.170013007175125
131	50	-0.141326140046946
131	90	-0.206575669899062
132	50	-0.143573546502657
132	90	-0.147159118351748
133	50	-0.120719808066831
133	90	-0.170761591408475
134	50	-0.0987110589513765
134	90	-0.163819791003977
135	50	-0.127019415421161
135	90	-0.151688170339188
136	50	-0.138894841398366
136	90	-0.202960335311511
137	50	-0.117128054035411
137	90	-0.170292513937876
138	50	-0.0713238126368148
138	90	-0.145355811139779
139	50	-0.0535067343989602
139	90	-0.0779362631676405
140	50	-0.0546370655606098
140	90	-0.15168042442331
141	50	-0.115309294535336
141	90	-0.154541052437312
142	50	-0.138312106468415
142	90	-0.171908959718263
143	50	-0.155296180772269
143	90	-0.192599571992279
144	50	-0.051602451147552
144	90	-0.131834536970098
145	50	-0.0918974757633153
145	90	-0.130744940358254
146	50	-0.0313367003274587
146	90	-0.119424048004097
147	50	-0.127113091310182
147	90	-0.178815319561303
148	50	-0.0429767876585779
148	90	-0.136258737215658
149	50	-0.0876871524489501
149	90	-0.146276927562076
150	50	-0.0820981389359865
150	90	-0.142750078081542
151	50	-0.105718860981986
151	90	-0.149735052093523
152	50	-0.143506454431727
152	90	-0.130782129105634
153	50	-0.0888297020468897
153	90	-0.15682851036822
154	50	-0.185716902157485
154	90	-0.187792689825313
155	50	-0.0886297514908084
155	90	-0.170037012195101
156	50	-0.160516022210549
156	90	-0.15000825191972
157	50	-0.0749401776745256
157	90	-0.13773021978537
158	50	-0.138493349809153
158	90	-0.131742996190269
159	50	-0.154459289695376
159	90	-0.177511622376935
160	50	-0.210215823295637
160	90	-0.228801808310001
161	50	-0.181809096451739
161	90	-0.188764445037383
162	50	-0.136640620559892
162	90	-0.148619718448264
163	50	-0.118892408600308
163	90	-0.184061929584123
164	50	-0.14959210354607
164	90	-0.192291857418755
165	50	-0.12893300543317
165	90	-0.175315484710581
166	50	-0.114334388110724
166	90	-0.178968536947745
167	50	-0.0993692769447353
167	90	-0.168565428329782
168	50	0.0100546296925974
168	90	-0.0693503282038303
169	50	-0.163043719349286
169	90	-0.16770838139006
170	50	-0.177706656107276
170	90	-0.162652005887343
171	50	-0.0482576699581325
171	90	-0.109259219603529
172	50	-0.0833147008415755
172	90	-0.135170802066341
173	50	-0.123421751215957
173	90	-0.139474439366499
174	50	-0.124911754438505
174	90	-0.148988673364581
175	50	-0.19835607288783
175	90	-0.206585480777391
176	50	-0.0305706672607167
176	90	-0.162317709892133
177	50	-0.192861702435869
177	90	-0.229543473969697
178	50	-0.114532331983291
178	90	-0.207516453005153
179	50	-0.127361283620878
179	90	-0.157623679036864
180	50	-0.125275604241484
180	90	-0.147956441424641
181	50	-0.153403489627482
181	90	-0.163905169910571
182	50	-0.0722724940588173
182	90	-0.159482279091127
183	50	-0.0142337422727157
183	90	-0.095515952108532
184	50	-0.131757797771484
184	90	-0.156520130399851
185	50	-0.181661644890387
185	90	-0.19988959164063
186	50	-0.12183940317338
186	90	-0.14052373444043
187	50	-0.180437055721102
187	90	-0.175475334860332
188	50	-0.138937366129875
188	90	-0.178229978709982
189	50	-0.116383220402851
189	90	-0.172509225047439
190	50	-0.119438808509259
190	90	-0.171074224617061
191	50	-0.124026594536494
191	90	-0.151610706539354
192	50	-0.169791075944176
192	90	-0.190118246393105
193	50	-0.126487871201931
193	90	-0.174308381506077
194	50	-0.179237354998881
194	90	-0.208852335904353
195	50	-0.1191242165768
195	90	-0.163506585404413
196	50	-0.154267429703916
196	90	-0.190193988125051
197	50	-0.0869791096389504
197	90	-0.149418851229603
198	50	-0.00817918079791781
198	90	-0.109003949931333
199	50	-0.195815349788505
199	90	-0.208979096612271
200	50	-0.108415669529016
200	90	-0.159229943257522
201	50	-0.212404286793593
201	90	-0.208892057287654
202	50	-0.134517680702597
202	90	-0.163103489896692
203	50	-0.16221951941533
203	90	-0.161105248565572
204	50	-0.194617298938441
204	90	-0.217236200503082
205	50	-0.147290111615234
205	90	-0.170514270462358
206	50	-0.235072053568133
206	90	-0.284766183174175
207	50	-0.175131685143949
207	90	-0.191950265298211
208	50	-0.136906409234383
208	90	-0.157202127288535
209	50	-0.0813789244880941
209	90	-0.200674348544162
210	50	-0.0825153717573953
210	90	-0.137434138180587
211	50	-0.109053286330688
211	90	-0.179320086249594
212	50	-0.0459916436746446
212	90	-0.10678472498513
213	50	-0.0935871215013802
213	90	-0.117696759147927
214	50	-0.110468164891429
214	90	-0.145599556556198
215	50	-0.0489656168832165
215	90	-0.149099168949022
216	50	-0.161895001314563
216	90	-0.19398068980174
217	50	-0.152121850004705
217	90	-0.191449360024729
218	50	-0.226780815509804
218	90	-0.223856215013599
219	50	-0.120579208553932
219	90	-0.15130720135904
220	50	-0.135159737773813
220	90	-0.172683777791785
221	50	-0.135817084992537
221	90	-0.199466624826745
222	50	-0.146517797172029
222	90	-0.204625673705149
223	50	-0.0909637077185175
223	90	-0.151000136284296
224	50	-0.121805527589394
224	90	-0.14416585900167
225	50	-0.104052200016146
225	90	-0.187142734022909
226	50	-0.113259237031052
226	90	-0.181797166505815
227	50	-0.106293652483007
227	90	-0.21700977311782
228	50	-0.068084659312211
228	90	-0.146365776158158
229	50	-0.15620224776044
229	90	-0.166702507345784
230	50	-0.160631102882499
230	90	-0.226220269747594
231	50	-0.143009959771253
231	90	-0.173036248786311
232	50	-0.192449238946551
232	90	-0.210978507923365
233	50	-0.12132472587055
233	90	-0.165473976393957
234	50	-0.161878712293476
234	90	-0.176924342491758
235	50	-0.125729773225982
235	90	-0.155124042814413
236	50	-0.0819478789918019
236	90	-0.19501477464261
237	50	-0.209861440582299
237	90	-0.223823119916394
238	50	-0.154459429408617
238	90	-0.212144562566584
239	50	-0.138504308903126
239	90	-0.193647779016993
240	50	-0.217788178454597
240	90	-0.226717479318737
241	50	-0.20650894021696
241	90	-0.236339136914788
242	50	-0.0920776877625768
242	90	-0.15214118347241
243	50	-0.154136307794275
243	90	-0.17749594884108
244	50	-0.116266601140214
244	90	-0.109384911455424
245	50	-0.127948174662473
245	90	-0.186250105252633
246	50	-0.161060119176663
246	90	-0.18734364875664
247	50	-0.107350396547264
247	90	-0.174975176311968
248	50	-0.0198316459842371
248	90	-0.111005063138619
249	50	-0.0183307362805823
249	90	-0.0887165782782012
250	50	-0.162735381599845
250	90	-0.198428635965583
251	50	-0.017218258606414
251	90	-0.0890500458325696
252	50	-0.118065284907249
252	90	-0.121849557598516
253	50	-0.153174823478315
253	90	-0.197001195632453
254	50	-0.136636846244896
254	90	-0.136782686851645
255	50	-0.148717956335806
255	90	-0.1772226981491
256	50	-0.190200425148492
256	90	-0.25434785841124
257	50	-0.0344126103638853
257	90	-0.132771766358579
258	50	-0.0661316037313219
258	90	-0.135648194667883
259	50	-0.14747615954911
259	90	-0.167271005696843
260	50	-0.103018399743836
260	90	-0.170470099776696
261	50	-0.164511763544567
261	90	-0.184758006543359
262	50	-0.214219431059604
262	90	-0.202889446089585
263	50	-0.106794824726284
263	90	-0.133294327303714
264	50	-0.134007212025552
264	90	-0.197244077163741
265	50	-0.103212943140724
265	90	-0.139866397808029
266	50	-0.148477314131295
266	90	-0.221839675799782
267	50	-0.159583555332525
267	90	-0.173569222249127
268	50	-0.238310246110031
268	90	-0.233708483802191
269	50	-0.177773981358366
269	90	-0.202781505546411
270	50	-0.140807322621789
270	90	-0.188630546786469
271	50	-0.180193619505672
271	90	-0.203006834970575
272	50	-0.147464732821888
272	90	-0.232664853443726
273	50	-0.185865296404406
273	90	-0.223466582633929
274	50	-0.0702548823139546
274	90	-0.120774061668634
275	50	-0.100148260215856
275	90	-0.191667735520141
276	50	-0.167580164496873
276	90	-0.182078192138746
277	50	-0.145543606244042
277	90	-0.183824268014854
278	50	-0.150135747467362
278	90	-0.212899840822944
279	50	-0.228068093312895
279	90	-0.126870461515847
280	50	-0.128298952188214
280	90	-0.13966279546411
281	50	-0.135606561289772
281	90	-0.16874108471489
282	50	-0.145651908923931
282	90	-0.16147955734962
283	50	-0.112058850485391
283	90	-0.169543875796269
284	50	-0.13390534655403
284	90	-0.180166223804896
285	50	-0.149919438371737
285	90	-0.150001574325216
286	50	-0.00350082566564557
286	90	-0.116349510235229
287	50	-0.144158564125834
287	90	-0.208520311210061
288	50	-0.111646207964346
288	90	-0.148963305119254
289	50	-0.0831045948028517
289	90	-0.136062748114973
290	50	-0.0281421709226749
290	90	-0.147676997445366
291	50	-0.144038160762544
291	90	-0.20660630105453
292	50	-0.0999029828124321
292	90	-0.157735059905888
293	50	-0.20386666871162
293	90	-0.200601594092338
294	50	-0.166529600874312
294	90	-0.187587455084414
295	50	-0.173345879180388
295	90	-0.18650986901291
296	50	-0.0658102141587601
296	90	-0.168949576714527
297	50	-0.151353610918187
297	90	-0.157159873667256
298	50	-0.151741489129093
298	90	-0.174761875030561
299	50	-0.0850440330540816
299	90	-0.156447868901947
300	50	-0.143325319690878
300	90	-0.147964621563127
301	50	-0.127821633581579
301	90	-0.137199085684906
302	50	-0.12215448342584
302	90	-0.185756992559291
303	50	-0.186707070035791
303	90	-0.1747058891791
304	50	-0.155052562764589
304	90	-0.199200037520338
305	50	-0.132960951248178
305	90	-0.137701940341122
306	50	-0.121842374942269
306	90	-0.158592775329808
307	50	-0.0822076994807726
307	90	-0.124294215185164
308	50	-0.137467441683255
308	90	-0.170981765850178
309	50	-0.136086122112921
309	90	-0.173632338601984
310	50	-0.0716687163982001
310	90	-0.162414942719035
311	50	-0.091287455323964
311	90	-0.135867680404957
312	50	-0.193321414541889
312	90	-0.211730298360593
313	50	-0.126863059321983
313	90	-0.160157308376567
314	50	-0.0521534135312844
314	90	-0.155463531258276
315	50	-0.171404231523628
315	90	-0.198286365443735
316	50	-0.134110142698171
316	90	-0.183948910598255
317	50	-0.0690182637636587
317	90	-0.161281285555605
318	50	-0.0990894646957764
318	90	-0.121961889359256
319	50	-0.150641140604639
319	90	-0.153609108637855
320	50	-0.115089871337034
320	90	-0.175594934021035
321	50	-0.168359371048811
321	90	-0.158309582432204
322	50	-0.125510593243998
322	90	-0.16491139360214
323	50	-0.152442263590362
323	90	-0.203427610779471
324	50	-0.118222148280084
324	90	-0.179116884107608
325	50	-0.205922669027185
325	90	-0.242995753633072
326	50	-0.151396803381114
326	90	-0.190968850733296
327	50	-0.211114147801708
327	90	-0.223330127035419
328	50	-0.0882860621018607
328	90	-0.152966021468673
329	50	-0.177799358953236
329	90	-0.204036511203996
330	50	-0.153078759684915
330	90	-0.152570093155375
331	50	-0.0815757610504054
331	90	-0.127326466231388
332	50	-0.0879319489974788
332	90	-0.14993719506439
333	50	-0.0477968364526496
333	90	-0.138800143787989
334	50	-0.140844995243298
334	90	-0.144855941027168
335	50	-0.199386881567891
335	90	-0.21677301219854
336	50	-0.204551506890596
336	90	-0.217349862206013
337	50	-0.100134642121371
337	90	-0.140081418594928
338	50	-0.162851525010064
338	90	-0.244304661500667
339	50	-0.112679899556402
339	90	-0.171517666900499
340	50	-0.102202888159202
340	90	-0.147120048295974
341	50	-0.154194197055079
341	90	-0.184687999811905
342	50	-0.117515863102686
342	90	-0.216081374187409
343	50	-0.16076070254369
343	90	-0.192126422450854
344	50	-0.0701421587585303
344	90	-0.15481842561498
345	50	-0.120907120874429
345	90	-0.124347465463134
346	50	-0.0962256494355651
346	90	-0.147647342586062
347	50	-0.12458722819289
347	90	-0.168458025839841
348	50	-0.0211136529372985
348	90	-0.110117402152608
349	50	-0.119209135454957
349	90	-0.152094884102925
350	50	-0.109499631507706
350	90	-0.122944254421078
351	50	-0.161038055380786
351	90	-0.156560217157251
352	50	-0.113406924112077
352	90	-0.15950080583836
353	50	-0.134776835717585
353	90	-0.17014096054085
354	50	-0.16872188062821
354	90	-0.209366916122899
355	50	-0.102513427792594
355	90	-0.141842491868398
356	50	-0.115189845946879
356	90	-0.161217163930795
357	50	-0.209665537184493
357	90	-0.25659601727209
358	50	-0.193177030051671
358	90	-0.201159953003588
359	50	-0.123378138365868
359	90	-0.172552646214868
360	50	-0.170379764384126
360	90	-0.240615969280339
361	50	-0.143984906537516
361	90	-0.211432715455751
362	50	-0.239225704664427
362	90	-0.230600226793489
363	50	-0.154300827411426
363	90	-0.178392636732733
364	50	-0.172840287164492
364	90	-0.174448589979279
365	50	-0.0358010726389503
365	90	-0.125631149036397
366	50	-0.155556866245003
366	90	-0.191648138534199
367	50	-0.11383681587882
367	90	-0.188390511175457
368	50	-0.131072646407734
368	90	-0.170147670826302
369	50	-0.245734996019558
369	90	-0.253434671239568
370	50	-0.118342645382811
370	90	-0.166658422439658
371	50	-0.0688846327556268
371	90	-0.130131756191977
372	50	-0.0933838104283479
372	90	-0.161036082714746
373	50	-0.105593531701156
373	90	-0.156633183447434
374	50	-0.093766143150847
374	90	-0.140962528226649
375	50	-0.110049576718147
375	90	-0.166214749892459
376	50	-0.222627085981457
376	90	-0.22104363341649
377	50	-0.175575484173751
377	90	-0.217722796279341
378	50	-0.166289890540367
378	90	-0.229641259299349
379	50	-0.179744363616292
379	90	-0.181139417727019
380	50	-0.15788676522527
380	90	-0.178531112408419
381	50	-0.122123094928763
381	90	-0.185406491255225
382	50	-0.0806171644861418
382	90	-0.215563265791008
383	50	-0.0683798301618339
383	90	-0.171326819702847
384	50	0.0108852918808483
384	90	-0.126286503411066
385	50	-0.172816167360863
385	90	-0.219669525554532
386	50	-0.187798706493721
386	90	-0.203541933106904
387	50	-0.192958560058216
387	90	-0.226939422518493
388	50	-0.174557135732024
388	90	-0.185988555399247
389	50	-0.143210391458426
389	90	-0.167877492740412
390	50	-0.0508126343567842
390	90	-0.138330209367677
391	50	-0.144264350706572
391	90	-0.161395754870685
392	50	-0.211567331686856
392	90	-0.247417029631066
393	50	-0.18328902453446
393	90	-0.226271799233521
394	50	-0.15118910727504
394	90	-0.135342011797911
395	50	-0.0320218373517982
395	90	-0.107531528149348
396	50	-0.152904911211392
396	90	-0.17059527552235
397	50	-0.169603983330186
397	90	-0.183501550287397
398	50	-0.199153911916337
398	90	-0.23247247598354
399	50	-0.0871244032260191
399	90	-0.0715374330945133
400	50	-0.171731937071744
400	90	-0.199778629352292
401	50	-0.109828438037762
401	90	-0.167670649097752
402	50	-0.174169839998797
402	90	-0.202784286412414
403	50	-0.157701552934858
403	90	-0.174918931068565
404	50	-0.156769799781962
404	90	-0.186291938155923
405	50	-0.0610406087077778
405	90	-0.114769340562045
406	50	-0.0296624532530004
406	90	-0.107187512826558
407	50	-0.0881231889999752
407	90	-0.158840098648419
408	50	-0.210061713493435
408	90	-0.224344222175164
409	50	-0.0669000873902952
409	90	-0.171587070304869
410	50	-0.172642065594835
410	90	-0.186064906228278
411	50	-0.184861265693499
411	90	-0.216071705641625
412	50	-0.087152453217567
412	90	-0.1407131948736
413	50	-0.0155391953627468
413	90	-0.102383833214882
414	50	-0.0316746856501071
414	90	-0.165446989078875
415	50	-0.00812952717777149
415	90	-0.119961764533359
416	50	-0.0139983581056984
416	90	-0.137604581433742
417	50	-0.129744527748059
417	90	-0.175048438460362
418	50	-0.0485227013899994
418	90	-0.121226334586986
419	50	-0.108213669234814
419	90	-0.167943456140196
420	50	-0.129816936795404
420	90	-0.149014276645814
421	50	-0.178956047524004
421	90	-0.209860665768921
422	50	-0.0985138367087823
422	90	-0.139276620215421
423	50	-0.13960738041227
423	90	-0.197975290681304
424	50	-0.0692790499126967
424	90	-0.109724513007765
425	50	-0.0732780118654425
425	90	-0.141228528501455
426	50	-0.0817610602793065
426	90	-0.154349324494638
427	50	-0.176683120827411
427	90	-0.185844564865788
428	50	-0.0473929334005828
428	90	-0.162725971724411
429	50	-0.178217762990872
429	90	-0.209855479509779
430	50	-0.133017637687334
430	90	-0.191198700259202
431	50	-0.0479486595448788
431	90	-0.131995920488946
432	50	-0.174780712974196
432	90	-0.207653313855941
433	50	-0.071292901029721
433	90	-0.128012038595759
434	50	-0.077368595394168
434	90	-0.137496043214815
435	50	-0.170932835726576
435	90	-0.190943567981534
436	50	-0.145115032837799
436	90	-0.203801285328116
437	50	-0.136003125330746
437	90	-0.195139758656783
438	50	-0.0582543877854674
438	90	-0.123881023408623
439	50	-0.130441188780972
439	90	-0.157863326596898
440	50	-0.135063917942465
440	90	-0.161578114286581
441	50	-0.0517382618699675
441	90	-0.122917399988015
442	50	-0.15175695195876
442	90	-0.205162968737814
443	50	-0.19129963270794
443	90	-0.225080330651388
444	50	-0.0547697192908693
444	90	-0.1528456267963
445	50	-0.0871789315452939
445	90	-0.130471628525006
446	50	-0.136139688555864
446	90	-0.17913722932706
447	50	-0.167709346319799
447	90	-0.210804820793389
448	50	-0.0974638769258549
448	90	-0.146440721105088
449	50	-0.13071204905427
449	90	-0.197545213049339
450	50	-0.116957500056262
450	90	-0.151843873410024
451	50	-0.120333158812531
451	90	-0.166640681328401
452	50	-0.116647673122221
452	90	-0.182441002041782
453	50	-0.138177561219515
453	90	-0.207811402406448
454	50	-0.15503026928075
454	90	-0.185790674205362
455	50	-0.126293796430577
455	90	-0.173361834873253
456	50	-0.144026495995522
456	90	-0.13752937521233
457	50	-0.128887348051218
457	90	-0.193940655101349
458	50	-0.101400647494619
458	90	-0.162108622807467
459	50	-0.154397511442469
459	90	-0.195530815014127
460	50	-0.203930900553884
460	90	-0.216215185945127
461	50	-0.1640786112204
461	90	-0.189441895519406
462	50	-0.115213035844306
462	90	-0.159204494867207
463	50	-0.163357054137845
463	90	-0.168612053070858
464	50	-0.181153868377676
464	90	-0.208159705960337
465	50	-0.0835101270578625
465	90	-0.138463543784968
466	50	-0.0153642410835157
466	90	-0.107279595195347
467	50	-0.0630479984589059
467	90	-0.131498568720167
468	50	-0.11940684838982
468	90	-0.138871146923095
469	50	-0.14118678772637
469	90	-0.129703832315205
470	50	-0.161956377460108
470	90	-0.193743063352699
471	50	-0.11418047872266
471	90	-0.129246288809825
472	50	-0.0915781411856698
472	90	-0.162833405717867
473	50	-0.0222943441168235
473	90	-0.0973678073427589
474	50	-0.108574093736945
474	90	-0.179650427981233
475	50	-0.0865914890784271
475	90	-0.13659620038947
476	50	-0.144115613915056
476	90	-0.156501674237383
477	50	-0.10873018974536
477	90	-0.148198508924649
478	50	-0.1734350205859
478	90	-0.200979879137188
479	50	-0.14596091385849
479	90	-0.182844634003008
480	50	-0.207868531095788
480	90	-0.219040631991104
481	50	-0.158275242461947
481	90	-0.18843843834462
482	50	-0.0933022004132134
482	90	-0.179464874432923
483	50	-0.0792392790338193
483	90	-0.108394315681624
484	50	-0.121113024000807
484	90	-0.207120463226641
485	50	-0.182487937740194
485	90	-0.204602987446639
486	50	-0.182363234629856
486	90	-0.230545128122218
487	50	-0.214844805727807
487	90	-0.241511211649187
488	50	0.0196155449666551
488	90	-0.0919570918228203
489	50	-0.152035388379506
489	90	-0.190922767592144
490	50	-0.113070528689696
490	90	-0.154455580823239
491	50	-0.165390150997868
491	90	-0.162766785889343
492	50	-0.119342221941877
492	90	-0.129147009995482
493	50	-0.00920252095332887
493	90	-0.133810899723019
494	50	-0.131073582204675
494	90	-0.174391892048115
495	50	-0.178993372390181
495	90	-0.196014401520651
496	50	-0.168290075557798
496	90	-0.203330939050477
497	50	-0.144377612813386
497	90	-0.196712355264846
498	50	-0.0481215755273704
498	90	-0.133886237613414
499	50	0.00694932755884207
499	90	-0.0542914831028704
500	50	-0.211982582378731
500	90	-0.210705449770508
501	50	-0.173849221751799
501	90	-0.221176394984158
502	50	-0.168042646650119
502	90	-0.175337405208674
503	50	-0.164925056016484
503	90	-0.195467631725812
504	50	-0.0219752484427093
504	90	-0.139568330040428
505	50	-0.146764604888255
505	90	-0.183579910264131
506	50	-0.191174467330825
506	90	-0.233454040678433
507	50	-0.1616238166071
507	90	-0.154170855907702
508	50	-0.111565382982403
508	90	-0.155764375741988
509	50	-0.16045329876039
509	90	-0.165855811499043
510	50	-0.13990098444924
510	90	-0.176412219699415
511	50	-0.104736456654877
511	90	-0.160361802781029
512	50	-0.0546591541791314
512	90	-0.120819637385707
513	50	-0.110553251694802
513	90	-0.166815580587537
514	50	-0.143980282460299
514	90	-0.153476029702438
515	50	-0.168269101009027
515	90	-0.208479121518568
516	50	-0.0621019334112385
516	90	-0.141469118778073
517	50	-0.171932618232586
517	90	-0.144693716537561
518	50	-0.174407421161164
518	90	-0.232433493248063
519	50	-0.124523700600687
519	90	-0.181673441041998
520	50	-0.01502882476918
520	90	-0.112426784134674
521	50	-0.147552888863766
521	90	-0.189144460008782
522	50	-0.0775992014914201
522	90	-0.131951314119769
523	50	-0.100014688808246
523	90	-0.148970919281682
524	50	-0.120009564581886
524	90	-0.18746407341905
525	50	-0.155341757652418
525	90	-0.198181250947427
526	50	-0.149173906812645
526	90	-0.185466196446062
527	50	-0.162375548679002
527	90	-0.195845753185176
528	50	-0.191503200616752
528	90	-0.21370803726215
529	50	-0.129164556111022
529	90	-0.17318956086172
530	50	-0.218616677686199
530	90	-0.214093383099085
531	50	-0.173191918108114
531	90	-0.197562077193662
532	50	-0.135309029344164
532	90	-0.15841982398839
533	50	-0.0931930538892878
533	90	-0.136776492673677
534	50	-0.176059185160744
534	90	-0.195627622176477
535	50	-0.149020360914041
535	90	-0.200124661692351
536	50	-0.121494407265459
536	90	-0.181822873051119
537	50	-0.244570746213959
537	90	-0.24564951044808
538	50	-0.15735660412936
538	90	-0.182288082492786
539	50	-0.0277526235468578
539	90	-0.0780180865085051
540	50	-0.148283183099056
540	90	-0.184690743312446
541	50	-0.0209230093130285
541	90	-0.123196267475889
542	50	-0.16329759855196
542	90	-0.177067813912279
543	50	-0.146081579043693
543	90	-0.168118061986069
544	50	-0.134951121022444
544	90	-0.211290093354084
545	50	-0.107525359730184
545	90	-0.173396714909787
546	50	-0.148636801964369
546	90	-0.196095416870895
547	50	-0.163312113447569
547	90	-0.177776754652809
548	50	-0.132076317919836
548	90	-0.162833913609941
549	50	-0.121905913123801
549	90	-0.170904383628399
550	50	-0.14089146087324
550	90	-0.195846070512971
551	50	-0.21936859195767
551	90	-0.252279616745295
552	50	-0.0576941902815536
552	90	-0.122828754540268
553	50	-0.21720922168201
553	90	-0.197797443603732
554	50	-0.185673185816422
554	90	-0.217466515313347
555	50	-0.202187568418338
555	90	-0.229201882353341
556	50	-0.130169598444437
556	90	-0.186637044094683
557	50	-0.129004204990171
557	90	-0.14549445471516
558	50	-0.148802959915215
558	90	-0.12670133224091
559	50	-0.122614994492597
559	90	-0.188197750900582
560	50	-0.114405639315471
560	90	-0.141758127124299
561	50	-0.170384579573239
561	90	-0.209000705084566
562	50	-0.126324634453424
562	90	-0.147479352049898
563	50	-0.147924077165507
563	90	-0.170666526107978
564	50	-0.226744603066701
564	90	-0.241129999743831
565	50	-0.133835262673286
565	90	-0.159436267901729
566	50	-0.160137530353394
566	90	-0.160721448139208
567	50	-0.131621767515106
567	90	-0.160523740264577
568	50	-0.118379949302011
568	90	-0.16570088655967
569	50	-0.146564234637105
569	90	-0.180808242789381
570	50	-0.12107279410713
570	90	-0.160459396134934
571	50	-0.116500840285761
571	90	-0.157152966619406
572	50	-0.168940880643869
572	90	-0.215094370707385
573	50	-0.126702010943204
573	90	-0.195656784593984
574	50	-0.0899899367992147
574	90	-0.166886479443029
575	50	-0.0598421625318346
575	90	-0.137363566132011
576	50	-0.120669581785391
576	90	-0.175541840958443
577	50	-0.120956693617102
577	90	-0.180886114249815
578	50	-0.140869372595236
578	90	-0.200321277528561
579	50	-0.148288085539955
579	90	-0.169699611810369
580	50	-0.134648531343605
580	90	-0.229892659589638
581	50	-0.149403777829089
581	90	-0.204088222244706
582	50	-0.00336270838587601
582	90	-0.115681468860635
583	50	-0.182007339810308
583	90	-0.174929928699168
584	50	-0.103727293938789
584	90	-0.20088272884395
585	50	-0.158050371318437
585	90	-0.202936910072443
586	50	-0.08097779237041
586	90	-0.137307327343351
587	50	-0.0469246737791924
587	90	-0.134899278558294
588	50	-0.201117427229439
588	90	-0.201752072812942
589	50	-0.141435588231124
589	90	-0.163121337078914
590	50	-0.144637594865121
590	90	-0.21057165107532
591	50	-0.113173540181105
591	90	-0.17238070622444
592	50	-0.267243469919498
592	90	-0.254244767755723
593	50	-0.167887047818121
593	90	-0.18260300799356
594	50	-0.210306917218304
594	90	-0.233325532999997
595	50	-0.136289491292067
595	90	-0.179891755249388
596	50	-0.15303025266321
596	90	-0.170760112992173
597	50	-0.0979072988140724
597	90	-0.150340989689646
598	50	-0.15325178781812
598	90	-0.173737517723416
599	50	-0.200933121816984
599	90	-0.241140283400111
600	50	-0.114154133518168
600	90	-0.185664805799324
601	50	-0.160467939942138
601	90	-0.142301239645334
602	50	-0.051800763009432
602	90	-0.154972377462237
603	50	-0.156348861105688
603	90	-0.202820296641034
604	50	-0.127725023961766
604	90	-0.169456683022643
605	50	-0.213350695808532
605	90	-0.263713128227227
606	50	-0.147306308033922
606	90	-0.185786128302481
607	50	-0.037816390630752
607	90	-0.118954965927131
608	50	-0.158574774127203
608	90	-0.175434814743952
609	50	-0.115147458216108
609	90	-0.160626277705713
610	50	-0.158325267212058
610	90	-0.201984698457232
611	50	-0.121450535697123
611	90	-0.190904221972696
612	50	-0.11498298272095
612	90	-0.171317931249474
613	50	-0.142552009777496
613	90	-0.1844425006842
614	50	-0.196397938589882
614	90	-0.183329686562236
615	50	-0.124521234600575
615	90	-0.17333441644171
616	50	-0.104918981633324
616	90	-0.117782359409241
617	50	-0.18133430665337
617	90	-0.203564836792935
618	50	-0.00832683511890028
618	90	-0.116458463043566
619	50	-0.182243584288989
619	90	-0.221719915609926
620	50	-0.0772413710887145
620	90	-0.161008877343185
621	50	-0.167608729041453
621	90	-0.200647243149577
622	50	-0.0383689983317549
622	90	-0.134385379410914
623	50	-0.107996924283607
623	90	-0.16580026504721
624	50	-0.124360619416744
624	90	-0.15467882645515
625	50	-0.230639391607658
625	90	-0.221608493692259
626	50	-0.150309123832385
626	90	-0.200108967846419
627	50	-0.0298995073206077
627	90	-0.168570852453377
628	50	-0.112369424481186
628	90	-0.172796049577151
629	50	-0.163621188881345
629	90	-0.190020664326488
630	50	-0.143002355969396
630	90	-0.143181402147589
631	50	-0.208106057703597
631	90	-0.218812846175188
632	50	-0.1132060065722
632	90	-0.197893966474525
633	50	-0.1190916339845
633	90	-0.189864461317783
634	50	-0.164542969039019
634	90	-0.174536110213567
635	50	-0.132228077858488
635	90	-0.165205137652246
636	50	-0.159577284481102
636	90	-0.177445849383714
637	50	-0.0573644610747616
637	90	-0.107159459239581
638	50	-0.183907787962099
638	90	-0.213666351927754
639	50	-0.131882864461789
639	90	-0.165191611837579
640	50	-0.095950192023793
640	90	-0.107408674784178
641	50	-0.126417404102518
641	90	-0.18208291535083
642	50	-0.127516367967837
642	90	-0.169403752557962
643	50	-0.116016668079909
643	90	-0.17609720480686
644	50	-0.209925785631723
644	90	-0.195685909457987
645	50	-0.155275715450984
645	90	-0.154171133501133
646	50	-0.15270423535606
646	90	-0.176802159560056
647	50	-0.184467200725785
647	90	-0.205467335425861
648	50	-0.169833901220268
648	90	-0.200713598659286
649	50	-0.112280082327713
649	90	-0.167231689589624
650	50	-0.172576868212151
650	90	-0.20977475421573
651	50	-0.181405129522708
651	90	-0.223200708315863
652	50	-0.151794595279252
652	90	-0.175510286708831
653	50	-0.147354066787244
653	90	-0.184795560547917
654	50	-0.114460569229691
654	90	-0.181098806937348
655	50	0.0142866536275712
655	90	-0.102540551840221
656	50	-0.158434984892956
656	90	-0.209225025921256
657	50	-0.226311705909559
657	90	-0.233730395993761
658	50	-0.0712690369577273
658	90	-0.191337374125493
659	50	-0.163145989132338
659	90	-0.224400945545737
660	50	-0.101773927381632
660	90	-0.0928144564072522
661	50	-0.179730752434202
661	90	-0.214105694605242
662	50	-0.0466722415781012
662	90	-0.131005289234182
663	50	-0.113827391302355
663	90	-0.154557576639623
664	50	-0.102572851607193
664	90	-0.140930190280949
665	50	-0.0551498445133154
665	90	-0.139027713771348
666	50	-0.120662854874302
666	90	-0.158031181198556
667	50	-0.0976410632384099
667	90	-0.125224396297049
668	50	-0.140813705941228
668	90	-0.152940768669679
669	50	-0.0712750655744592
669	90	-0.153389785170168
670	50	-0.0570713467801664
670	90	-0.141321368141628
671	50	-0.146127706542938
671	90	-0.180725011223637
672	50	-0.146939174703832
672	90	-0.173754834655869
673	50	-0.101157916849734
673	90	-0.157326789464186
674	50	0.00884683004857403
674	90	-0.10350502481723
675	50	-0.161607952461298
675	90	-0.18201633144839
676	50	-0.151156981255698
676	90	-0.18639092278181
677	50	-0.0147416891865673
677	90	-0.0949364031798236
678	50	-0.11422120347114
678	90	-0.145119703002259
679	50	-0.186880623349189
679	90	-0.188919934365782
680	50	-0.226194282214043
680	90	-0.233166812336726
681	50	-0.123735833813293
681	90	-0.137641701077966
682	50	-0.110644269433563
682	90	-0.166083531273775
683	50	-0.0808990187704985
683	90	-0.123772342174048
684	50	-0.161727551480957
684	90	-0.165953360339618
685	50	-0.134231045165172
685	90	-0.153939666893213
686	50	-0.136754666947883
686	90	-0.152301711245974
687	50	-0.149759672263054
687	90	-0.168053659148063
688	50	-0.14938697764614
688	90	-0.123650946280367
689	50	-0.164830345482441
689	90	-0.208243635230047
690	50	-0.148333903167677
690	90	-0.210738694653149
691	50	-0.135182709649347
691	90	-0.133625481696498
692	50	-0.148731157047226
692	90	-0.145421387651087
693	50	-0.0278583439701835
693	90	-0.0810906350522322
694	50	-0.164809925265588
694	90	-0.190023864869267
695	50	-0.0816415857230227
695	90	-0.153349320176952
696	50	-0.0791672553488445
696	90	-0.151260126401059
697	50	-0.18506224338966
697	90	-0.189863263400379
698	50	-0.182156416279956
698	90	-0.217058944459195
699	50	-0.178447483491226
699	90	-0.21075716317466
700	50	-0.101040846556919
700	90	-0.146113218516494
701	50	-0.219160954960391
701	90	-0.22525047300808
702	50	-0.166994347939245
702	90	-0.195967980542386
703	50	-0.134164802648992
703	90	-0.17549011128353
704	50	-0.128279618644737
704	90	-0.13362290205694
705	50	-0.152914017347701
705	90	-0.182242923171791
706	50	-0.154161641380639
706	90	-0.21110962398676
707	50	-0.237258336521033
707	90	-0.259382936018558
708	50	-0.114828477738189
708	90	-0.197381443245591
709	50	-0.167964493673116
709	90	-0.147703870244923
710	50	-0.0953852571319299
710	90	-0.12007141221126
711	50	-0.165919404386656
711	90	-0.18633701993371
712	50	-0.242703878216181
712	90	-0.247600360367911
713	50	-0.16610652324833
713	90	-0.201377767561169
714	50	-0.147668175807384
714	90	-0.192744448318085
715	50	-0.0547474480231963
715	90	-0.145459835037712
716	50	-0.130440969071821
716	90	-0.15744983334054
717	50	-0.172208305750374
717	90	-0.190127121820057
718	50	-0.0840377198326898
718	90	-0.131364574265796
719	50	-0.105729658416154
719	90	-0.136942860942518
720	50	-0.0871174712039579
720	90	-0.175510477748118
721	50	-0.219808753620641
721	90	-0.198666764267608
722	50	-0.107082640985082
722	90	-0.135739099215962
723	50	-0.116964916266574
723	90	-0.133104232498739
724	50	-0.166418168668317
724	90	-0.165855526421447
725	50	-0.139733763397778
725	90	-0.157932565364539
726	50	-0.18421081407759
726	90	-0.210923052931191
727	50	-0.189360627527312
727	90	-0.220532093835873
728	50	-0.102462482685549
728	90	-0.116981094929092
729	50	-0.181380831794188
729	90	-0.206391587839287
730	50	-0.0397194176160071
730	90	-0.143480383146175
731	50	-0.201717300069177
731	90	-0.215063407647151
732	50	-0.0620984675473523
732	90	-0.106752283206321
733	50	-0.163423228483686
733	90	-0.180012181065393
734	50	-0.14848974257988
734	90	-0.200218453648361
735	50	-0.163418713698
735	90	-0.154888896372075
736	50	-0.184019154103478
736	90	-0.204389862813782
737	50	-0.134419782883364
737	90	-0.138630955092331
738	50	-0.190782658140964
738	90	-0.215517905276882
739	50	-0.134314409983162
739	90	-0.156448329333692
740	50	-0.215430372937577
740	90	-0.232712985976545
741	50	-0.227166447190486
741	90	-0.255046718738498
742	50	-0.134095617913048
742	90	-0.162023122410477
743	50	-0.181349285933968
743	90	-0.209044745932768
744	50	-0.138040482320052
744	90	-0.178566825682921
745	50	-0.102346740780555
745	90	-0.165180182012307
746	50	-0.149697808385618
746	90	-0.182124038037599
747	50	-0.221093753560702
747	90	-0.223168200650112
748	50	-0.120974632397997
748	90	-0.180216278112505
749	50	-0.0908026040023019
749	90	-0.107110412638441
750	50	-0.178618784895849
750	90	-0.186102037220654
751	50	-0.11680317831426
751	90	-0.147955151646888
752	50	-0.206481834795993
752	90	-0.188828948305549
753	50	-0.058628539910689
753	90	-0.110890625538742
754	50	-0.162013608883518
754	90	-0.18833711323805
755	50	-0.152722894315643
755	90	-0.175014116626777
756	50	-0.134135974993394
756	90	-0.174368880343802
757	50	-0.205055299463396
757	90	-0.244073950373784
758	50	-0.210938448094944
758	90	-0.235092934612902
759	50	-0.0305654413461028
759	90	-0.123844568385275
760	50	-0.159482762862998
760	90	-0.198397230401585
761	50	-0.077259024549106
761	90	-0.14985110357571
762	50	-0.0926855875571536
762	90	-0.149153297863211
763	50	-0.0934415411736747
763	90	-0.138003179793998
764	50	-0.162307375393435
764	90	-0.213805380699207
765	50	-0.209078201024843
765	90	-0.226537864570218
766	50	-0.22791685845005
766	90	-0.249057079529522
767	50	-0.214491343046851
767	90	-0.209472201571892
768	50	-0.142633699939453
768	90	-0.171096467770054
769	50	-0.0993104552398871
769	90	-0.156156826473524
770	50	-0.174968236663435
770	90	-0.155258171680764
771	50	-0.0719055320915983
771	90	-0.125535922309753
772	50	-0.187793583212286
772	90	-0.203742691119929
773	50	-0.140566774611375
773	90	-0.153085039688473
774	50	-0.149741444907238
774	90	-0.161901991757731
775	50	-0.00132639450027425
775	90	-0.0907709369619823
776	50	-0.172420398678155
776	90	-0.210539122122519
777	50	-0.0486562450585202
777	90	-0.172676741921444
778	50	-0.092633784651688
778	90	-0.181735442733152
779	50	-0.148153314003791
779	90	-0.145853051912334
780	50	-0.0904863006143439
780	90	-0.113150901183695
781	50	-0.124340647282717
781	90	-0.208465615835703
782	50	-0.0610897496714309
782	90	-0.137051667376176
783	50	-0.126709686008968
783	90	-0.207964941997973
784	50	-0.146058346009502
784	90	-0.185567705041939
785	50	-0.0806295485773577
785	90	-0.122490727911205
786	50	-0.143032046339281
786	90	-0.172919860051747
787	50	-0.140750256019636
787	90	-0.156107746871089
788	50	-0.0857647172040938
788	90	-0.13829710322797
789	50	-0.135120970123455
789	90	-0.175203263437848
790	50	-0.0210870222120039
790	90	-0.101101444271747
791	50	-0.0891791914412411
791	90	-0.126929816222337
792	50	-0.0724739262482518
792	90	-0.125926689151661
793	50	-0.106291813031318
793	90	-0.132175593960829
794	50	-0.0605437773851384
794	90	-0.137818532704054
795	50	-0.00114232381589822
795	90	-0.144223611924246
796	50	-0.0370135395347449
796	90	-0.154912754757868
797	50	-0.209564075264405
797	90	-0.247686518963635
798	50	-0.129206469118399
798	90	-0.197975396980268
799	50	-0.119962818772806
799	90	-0.152391834889291
800	50	-0.15851779978678
800	90	-0.18555557119412
801	50	-0.105813391269891
801	90	-0.175712440960788
802	50	-0.1601333084533
802	90	-0.18041487082979
803	50	-0.197253733134224
803	90	-0.22662543591164
804	50	-0.145884548428582
804	90	-0.157856080789176
805	50	-0.163172492707622
805	90	-0.169518723513342
806	50	-0.0905465659598924
806	90	-0.196828746710163
807	50	-0.0643378981819214
807	90	-0.137257625598052
808	50	-0.153081647570003
808	90	-0.166646658418462
809	50	-0.0926744681919361
809	90	-0.150048316645058
810	50	-0.158893155994943
810	90	-0.177378475054629
811	50	-0.162466381691222
811	90	-0.14186047745951
812	50	-0.0449275981648896
812	90	-0.158247603196057
813	50	-0.160947226869512
813	90	-0.193580621395642
814	50	-0.143166652430719
814	90	-0.185252400355146
815	50	-0.0192986720305707
815	90	-0.111401793562675
816	50	-0.124697083353077
816	90	-0.14714674642458
817	50	-0.150334023158343
817	90	-0.205002807893567
818	50	-0.126060730796447
818	90	-0.114083046206075
819	50	-0.180514129527693
819	90	-0.155548393241661
820	50	-0.102307486447805
820	90	-0.1412198638502
821	50	-0.106972406020424
821	90	-0.142848130303
822	50	-0.139882279517935
822	90	-0.177645431459668
823	50	-0.206482004175627
823	90	-0.205073569352042
824	50	-0.107616908412777
824	90	-0.137942866707551
825	50	-0.147200587833169
825	90	-0.132908918084364
826	50	-0.155642313721559
826	90	-0.14704775737007
827	50	-0.0977220394543253
827	90	-0.160834496042028
828	50	-0.0349389631943711
828	90	-0.104941162955294
829	50	-0.163328705885096
829	90	-0.209977938672216
830	50	-0.0144892975823835
830	90	-0.121697850262362
831	50	-0.0423281216322262
831	90	-0.092212128434644
832	50	-0.208892002860488
832	90	-0.26080932795587
833	50	-0.204171300605566
833	90	-0.22530288301657
834	50	-0.095770041597552
834	90	-0.170160275627967
835	50	-0.156183032699669
835	90	-0.214651297090177
836	50	-0.136576029902708
836	90	-0.192002489339717
837	50	-0.123039578448937
837	90	-0.156854009072417
838	50	-0.130616853615923
838	90	-0.128668522088922
839	50	-0.134264059595232
839	90	-0.155705872232662
840	50	-0.147394891705395
840	90	-0.16575428642048
841	50	-0.132015873323392
841	90	-0.184794757302093
842	50	-0.129392266656523
842	90	-0.161723459245727
843	50	-0.0401716419311237
843	90	-0.162240813179066
844	50	-0.119194372190045
844	90	-0.158424534698764
845	50	-0.189464748277719
845	90	-0.217307883021653
846	50	-0.192578361332964
846	90	-0.25156520613984
847	50	-0.176243587684224
847	90	-0.184101609459282
848	50	-0.232306679263743
848	90	-0.230989478149338
849	50	-0.0966995805774093
849	90	-0.16504221472845
850	50	-0.134847836649124
850	90	-0.155591916983361
851	50	-0.122028719606394
851	90	-0.198678327123155
852	50	-0.122898880784535
852	90	-0.157015727218163
853	50	-0.0711163908525142
853	90	-0.197295850483246
854	50	-0.170327458709083
854	90	-0.169344133891499
855	50	-0.178475486311001
855	90	-0.21655984170887
856	50	-0.0847467815762201
856	90	-0.109329947415502
857	50	-0.0796312504220989
857	90	-0.115609994571598
858	50	-0.204271168294933
858	90	-0.211985303318001
859	50	-0.0652659975988397
859	90	-0.144870118498213
860	50	-0.198286661674867
860	90	-0.210491140584146
861	50	-0.0997623561787397
861	90	-0.178037908407602
862	50	-0.110601485086693
862	90	-0.194910624039252
863	50	-0.199360314233925
863	90	-0.221316113905399
864	50	-0.114105320955978
864	90	-0.149430791919498
865	50	-0.168442427337745
865	90	-0.160586312158245
866	50	-0.19315602916191
866	90	-0.21646049647109
867	50	-0.000618836754537895
867	90	-0.0696700233401185
868	50	-0.126361126332529
868	90	-0.180333185822515
869	50	-0.141915596395284
869	90	-0.158909356400924
870	50	-0.0925239310129274
870	90	-0.16796422130544
871	50	-0.185810506078578
871	90	-0.20091439254056
872	50	-0.150842935769816
872	90	-0.168816593584705
873	50	-0.119615369714186
873	90	-0.152115718726291
874	50	-0.12608274777198
874	90	-0.189191165011395
875	50	-0.0788221389639877
875	90	-0.182428787846794
876	50	-0.159495506112512
876	90	-0.204541755994652
877	50	-0.0637280617824852
877	90	-0.152947362670794
878	50	-0.0721057930847083
878	90	-0.107496719496775
879	50	-0.100064946173101
879	90	-0.159029919900137
880	50	-0.0795567983831274
880	90	-0.126199077695701
881	50	-0.122826298469644
881	90	-0.159645737296576
882	50	-0.133653707163427
882	90	-0.169709290950011
883	50	-0.12814280750138
883	90	-0.156419036821846
884	50	-0.191607838747881
884	90	-0.175197176358354
885	50	-0.167024393538146
885	90	-0.176217338635596
886	50	-0.0924930016681977
886	90	-0.117636879221085
887	50	-0.0604169536855418
887	90	-0.121802383456092
888	50	-0.113360235279843
888	90	-0.188349861288249
889	50	-0.160402775334429
889	90	-0.183788633735319
890	50	-0.216928474480917
890	90	-0.247027898281333
891	50	-0.0885676401356497
891	90	-0.13507303777896
892	50	-0.19356902461343
892	90	-0.244058599745214
893	50	-0.155161814557186
893	90	-0.189723656297095
894	50	-0.193254910647854
894	90	-0.204131505131416
895	50	-0.180550268703791
895	90	-0.210353936214213
896	50	-0.142100712383004
896	90	-0.185891187483513
897	50	-0.218400233245035
897	90	-0.238882612806001
898	50	-0.151015786112335
898	90	-0.198016699421803
899	50	-0.147369894722239
899	90	-0.175710551071504
900	50	-0.102043955353296
900	90	-0.103932856830846
901	50	-0.127773329524429
901	90	-0.139405843363498
902	50	-0.0934182112572356
902	90	-0.136400282583586
903	50	-0.117800958691536
903	90	-0.178922623784113
904	50	-0.0750808730720674
904	90	-0.138650716325803
905	50	-0.108774345670712
905	90	-0.153369993714481
906	50	-0.140970255902004
906	90	-0.158590612079013
907	50	-0.14316091226385
907	90	-0.195130424785691
908	50	-0.137204431815053
908	90	-0.178892053557252
909	50	-0.180276592557011
909	90	-0.19948711494323
910	50	-0.0281034268363988
910	90	-0.133885595989022
911	50	-0.0282068368197458
911	90	-0.119598316161648
912	50	-0.115721508807156
912	90	-0.161435788253878
913	50	-0.172465990832421
913	90	-0.211250824553734
914	50	-0.140485863848095
914	90	-0.145584081761668
915	50	-0.18949511621904
915	90	-0.22790362845696
916	50	-0.105876865891803
916	90	-0.138806539428717
917	50	-0.0966355004642294
917	90	-0.144663851813402
918	50	-0.141138821647131
918	90	-0.162829666556463
919	50	-0.0304316686451495
919	90	-0.133150051440042
920	50	-0.189749474182805
920	90	-0.170960563691039
921	50	-0.193016106581856
921	90	-0.200482546380826
922	50	-0.209494385277641
922	90	-0.21818943623607
923	50	-0.10614552441407
923	90	-0.188004853982443
924	50	-0.153771950464063
924	90	-0.22980952511709
925	50	-0.183039949752723
925	90	-0.203838194537029
926	50	-0.0578071733930121
926	90	-0.125212491159043
927	50	-0.0571129365403077
927	90	-0.126709953940415
928	50	-0.157433737924328
928	90	-0.159274490945589
929	50	-0.175145973637104
929	90	-0.190705150028474
930	50	-0.119801368503336
930	90	-0.112779354761859
931	50	-0.165611848837564
931	90	-0.216262281528442
932	50	-0.147216502471383
932	90	-0.188120750835342
933	50	-0.141213705028754
933	90	-0.161249668806458
934	50	-0.0931408491405301
934	90	-0.165841358187196
935	50	-0.149169600672326
935	90	-0.182194759832941
936	50	-0.177114882359322
936	90	-0.167959663143874
937	50	-0.152269040814017
937	90	-0.174090104423056
938	50	-0.154564750923911
938	90	-0.179760691071089
939	50	-0.0816335076017064
939	90	-0.169196898332244
940	50	-0.0356191492626856
940	90	-0.119975262481373
941	50	-0.172402194300466
941	90	-0.194996732981478
942	50	-0.084433550167945
942	90	-0.15395747837749
943	50	-0.0723499837410436
943	90	-0.137888068664818
944	50	-0.0830948160228545
944	90	-0.17476494670394
945	50	-0.0903072050318294
945	90	-0.169695402624341
946	50	-0.0157521393195885
946	90	-0.104034248527624
947	50	-0.165148076375886
947	90	-0.217191037303474
948	50	-0.162030670087062
948	90	-0.21683580640024
949	50	-0.172147624796066
949	90	-0.20764318158196
950	50	0.00680975225931948
950	90	-0.116191621395856
951	50	-0.117436091009766
951	90	-0.144780456270652
952	50	-0.191436387799971
952	90	-0.223521556818614
953	50	-0.12636659542229
953	90	-0.203489291652022
954	50	-0.13784909184339
954	90	-0.175507483632011
955	50	-0.140593344039449
955	90	-0.151171943661123
956	50	-0.036868506257121
956	90	-0.112172734763564
957	50	-0.0967751682834179
957	90	-0.188481105754005
958	50	-0.124350590667546
958	90	-0.155775275635871
959	50	-0.191869502831782
959	90	-0.209061436301103
960	50	-0.15371270269277
960	90	-0.128991605384929
961	50	-0.186538275928523
961	90	-0.143230274206524
962	50	-0.178352143337747
962	90	-0.213032545911093
963	50	-0.121599582480118
963	90	-0.184812405812033
964	50	-0.116864788775256
964	90	-0.143290656211124
965	50	-0.164789038680406
965	90	-0.225221967914659
966	50	-0.136480564592802
966	90	-0.194574886480244
967	50	-0.16570841550502
967	90	-0.225280551879593
968	50	-0.131012448713901
968	90	-0.203963840356934
969	50	-0.130597985371381
969	90	-0.18566399806156
970	50	-0.191530891837727
970	90	-0.201560262911714
971	50	-0.152350732535591
971	90	-0.152299352003087
972	50	-0.182411556202994
972	90	-0.196169416318591
973	50	-0.0599092675128814
973	90	-0.118962999664598
974	50	-0.157195943788049
974	90	-0.18553785929412
975	50	-0.157472742540426
975	90	-0.193648908987257
976	50	-0.138986612875789
976	90	-0.19970456856631
977	50	-0.188785519056174
977	90	-0.252702008138119
978	50	-0.133132177113578
978	90	-0.147180288397384
979	50	-0.0814516577486733
979	90	-0.134346538311552
980	50	-0.127034960775636
980	90	-0.132156176041845
981	50	-0.126514545047833
981	90	-0.149312275131367
982	50	-0.172305975463224
982	90	-0.202739293280205
983	50	-0.0931866880310407
983	90	-0.205825969987441
984	50	-0.109128824342715
984	90	-0.175080398514465
985	50	-0.230184279668473
985	90	-0.254439481157992
986	50	-0.0446332602551612
986	90	-0.100759460692475
987	50	-0.121224119628599
987	90	-0.177994077043742
988	50	-0.197026666598435
988	90	-0.19377150190354
989	50	-0.161912076490064
989	90	-0.186997992156983
990	50	-0.0310273516033744
990	90	-0.119473712113063
991	50	-0.133685175522526
991	90	-0.206575187789673
992	50	0.0166049783136653
992	90	-0.0746272543110553
993	50	-0.133817633531307
993	90	-0.182409986293703
994	50	-0.127806605201098
994	90	-0.182003933513255
995	50	-0.123676151452924
995	90	-0.185878224949382
996	50	-0.145483312333455
996	90	-0.147076814000014
997	50	-0.180700013703113
997	90	-0.210794988236597
998	50	-0.171727426159508
998	90	-0.240016738776435
999	50	-0.150095350317206
999	90	-0.166136101743035
1000	50	-0.0979489833088027
1000	90	-0.127642427143604
