Iter	HR	R.cor
1	50	-0.197101245759256
1	90	-0.177630043113136
2	50	-0.0643519179075269
2	90	-0.102875593882759
3	50	-0.0738179065219867
3	90	-0.0691269999485903
4	50	-0.0791120993758417
4	90	-0.0878468312323223
5	50	-0.0769348933193999
5	90	-0.128072333289669
6	50	-0.0867766013455679
6	90	-0.107906026786169
7	50	-0.158757245140255
7	90	-0.16478871987342
8	50	-0.0804129437197087
8	90	-0.107530965223279
9	50	-0.0691139364295781
9	90	-0.065072422202684
10	50	-0.112609039561908
10	90	-0.131024768547882
11	50	-0.070398215192486
11	90	-0.0796448984581573
12	50	0.0135378608087409
12	90	-0.0924777204971644
13	50	-0.0731802379676953
13	90	-0.0997545143665899
14	50	-0.122758325241852
14	90	-0.110724302116291
15	50	-0.167635537558127
15	90	-0.159705092488276
16	50	-0.0610125289398062
16	90	-0.0774789189294242
17	50	-0.156876797135041
17	90	-0.159534546056906
18	50	-0.126584865660315
18	90	-0.157724431829555
19	50	-0.0241628936856587
19	90	-0.0599951037231664
20	50	-0.140885544567401
20	90	-0.154872738415576
21	50	-0.121262306182433
21	90	-0.140772387308884
22	50	-0.129224703810066
22	90	-0.160171809418523
23	50	-0.103626411533128
23	90	-0.143793342216876
24	50	-0.0280727616742315
24	90	-0.0781453830614777
25	50	-0.216460390047622
25	90	-0.20731709311137
26	50	-0.106393240272385
26	90	-0.10712691276159
27	50	-0.0860183674838148
27	90	-0.116659440405868
28	50	-0.0727483113206851
28	90	-0.0806381399637074
29	50	-0.0951988931922917
29	90	-0.143180823000441
30	50	-0.128839811601825
30	90	-0.118594018786836
31	50	-0.125621916606738
31	90	-0.164846462249529
32	50	-0.195912461651414
32	90	-0.197136858082255
33	50	-0.116318799137735
33	90	-0.143007687203145
34	50	-0.081364325347287
34	90	-0.120636157214336
35	50	-0.0348443056503681
35	90	-0.0537472880570938
36	50	-0.0464419425790077
36	90	-0.116368988581837
37	50	-0.146275541303928
37	90	-0.1528236713574
38	50	-0.150032545750595
38	90	-0.172871142976539
39	50	-0.141548717195299
39	90	-0.169199060506784
40	50	-0.109327122670622
40	90	-0.125322736667582
41	50	-0.0703282956343806
41	90	-0.126560942310692
42	50	-0.0952062266053972
42	90	-0.11372798187398
43	50	-0.0770439989177242
43	90	-0.126550386422924
44	50	-0.0289039842380187
44	90	-0.0997402452170325
45	50	-0.101277241013162
45	90	-0.164394671792335
46	50	-0.0704505548992429
46	90	-0.12826570344307
47	50	-0.127102011401896
47	90	-0.18472617953959
48	50	-0.031652277513139
48	90	-0.0818941166286437
49	50	-0.115999157789686
49	90	-0.133497896271349
50	50	-0.153531147283
50	90	-0.170072857582215
51	50	-0.11272322301215
51	90	-0.108670097511472
52	50	-0.140323967661541
52	90	-0.166208413940402
53	50	-0.0753038398624037
53	90	-0.0869301472988645
54	50	-0.12392989403912
54	90	-0.151036618530801
55	50	-0.0218218086033527
55	90	-0.053990891837501
56	50	-0.117299652376596
56	90	-0.131713105595771
57	50	-0.0547635581756209
57	90	-0.0976538185679492
58	50	-0.0608611756469832
58	90	-0.0828553668327514
59	50	-0.078421965215969
59	90	-0.11688762021624
60	50	-0.141336297214599
60	90	-0.18442623209492
61	50	0.0145912813777934
61	90	-0.0751561521857274
62	50	-0.068623287285276
62	90	-0.12936072777716
63	50	-0.0603456745393414
63	90	-0.104502598316267
64	50	0.0139626484349434
64	90	-0.0375349746450638
65	50	-0.136063403512837
65	90	-0.158279934354845
66	50	-0.101960115664662
66	90	-0.151245314163648
67	50	-0.0519469092741246
67	90	-0.107812652036661
68	50	-0.0549189883603806
68	90	-0.0897098526926093
69	50	-0.135122574198782
69	90	-0.149532449331051
70	50	-0.172270844191545
70	90	-0.168281080749469
71	50	-0.0757116136037328
71	90	-0.125180158192027
72	50	-0.0596702033918022
72	90	-0.133150943710657
73	50	-0.0707846803275833
73	90	-0.155619606679249
74	50	-0.0844919621330057
74	90	-0.131606890254755
75	50	-0.0592289358787142
75	90	-0.126398383260286
76	50	-0.10079672121968
76	90	-0.124178042276594
77	50	-0.0211541400291524
77	90	-0.0643015452647026
78	50	-0.142295887698246
78	90	-0.129195192621291
79	50	-0.100787342624716
79	90	-0.072481853839227
80	50	-0.0674813741523345
80	90	-0.0925639326307157
81	50	-0.088690369013682
81	90	-0.102661114121396
82	50	0.0165258434912142
82	90	-0.0498796056350309
83	50	-0.0831175455231755
83	90	-0.142799955657004
84	50	-0.0844145212911267
84	90	-0.142746363184224
85	50	-0.0783801366992935
85	90	-0.129067177812068
86	50	0.0122781257606537
86	90	-0.0315566566422031
87	50	-0.10489333396642
87	90	-0.15626655343455
88	50	-0.0248740758927128
88	90	-0.0872373050137738
89	50	-0.0674320178645033
89	90	-0.103371463258404
90	50	-0.113919212757049
90	90	-0.142930792118324
91	50	-0.0224249663714589
91	90	-0.0633620511423722
92	50	-0.185963711941679
92	90	-0.166614997689215
93	50	-0.154424387691525
93	90	-0.165725528729389
94	50	-0.0718589466935289
94	90	-0.14763477413641
95	50	-0.0905840240709081
95	90	-0.116668033338631
96	50	-0.0173833541923733
96	90	-0.0326957281999201
97	50	-0.0753838737553241
97	90	-0.117288691171718
98	50	-0.00881653942761752
98	90	-0.0790851349144636
99	50	-0.117356184433874
99	90	-0.157934157152814
100	50	-0.0835252623013271
100	90	-0.104734283783799
101	50	-0.0555015604832988
101	90	-0.118394278096902
102	50	-0.087136691037117
102	90	-0.0652971337832784
103	50	-0.132998122087154
103	90	-0.115290763692119
104	50	-0.0629940446039267
104	90	-0.113097936868048
105	50	-0.0768121376568847
105	90	-0.138782141275435
106	50	-0.145421882254269
106	90	-0.163638378927722
107	50	-0.129634202753158
107	90	-0.119008071962887
108	50	-0.176525986990271
108	90	-0.184551784883511
109	50	-0.0493055721791197
109	90	-0.105012813105773
110	50	-0.109000536727246
110	90	-0.12202715501794
111	50	-0.117223013414466
111	90	-0.174090851796426
112	50	-0.0886093717381926
112	90	-0.0899731171844157
113	50	-0.11270906452302
113	90	-0.160769733101548
114	50	-0.0778770884200557
114	90	-0.123682565495351
115	50	-0.199361387466682
115	90	-0.192665752807679
116	50	-0.12057709448186
116	90	-0.137018538176374
117	50	-0.175640847448728
117	90	-0.171667226450275
118	50	-0.0884240267715257
118	90	-0.0988380589873201
119	50	-0.124653595662648
119	90	-0.146995147498497
120	50	-0.0953070468318928
120	90	-0.116296334621404
121	50	-0.0897182123166423
121	90	-0.141488043298793
122	50	-0.111913057222108
122	90	-0.151278610356439
123	50	-0.0999157796477451
123	90	-0.116556566645504
124	50	-0.110299578868012
124	90	-0.0935778543174402
125	50	-0.0388215085757456
125	90	-0.0564247531070007
126	50	-0.064701558937178
126	90	-0.077696334598425
127	50	-0.0483713728192183
127	90	-0.074149984773615
128	50	-0.186583268524251
128	90	-0.204214998194902
129	50	-0.112158281879831
129	90	-0.122805198127154
130	50	-0.0601876885562118
130	90	-0.0988167439948901
131	50	-0.054710134882793
131	90	-0.0898609907919308
132	50	-0.0762441085526148
132	90	-0.114756128393744
133	50	-0.0263222223052434
133	90	-0.0602678445459029
134	50	-0.176148837066959
134	90	-0.174735793370009
135	50	-0.0633212369737621
135	90	-0.09941089615095
136	50	-0.122926246387301
136	90	-0.13383683593727
137	50	-0.0998503935013696
137	90	-0.0960861267022639
138	50	-0.139530919120629
138	90	-0.164887656865746
139	50	-0.161953282749503
139	90	-0.170351954300957
140	50	-0.141990233581508
140	90	-0.137141678904808
141	50	-0.050001514084402
141	90	-0.130600454921352
142	50	-0.0773470720788089
142	90	-0.0944339880943289
143	50	-0.0383613055875896
143	90	-0.059577741906526
144	50	-0.128982954582298
144	90	-0.158621024555468
145	50	-0.101500754935161
145	90	-0.110520805646787
146	50	-0.0326378907799893
146	90	-0.0863662228026703
147	50	-0.140980658158937
147	90	-0.112602802248086
148	50	-0.102942851970632
148	90	-0.115290819061239
149	50	-0.0811669867713295
149	90	-0.145265635772337
150	50	0.0285790417581924
150	90	-0.0269918822817376
151	50	0.0194528963182705
151	90	-0.0576554846223455
152	50	-0.0858009937971824
152	90	-0.0798625199953752
153	50	-0.118339768761847
153	90	-0.129229491955066
154	50	0.0366939043260127
154	90	-0.0409689019296155
155	50	-0.0869851996191262
155	90	-0.0657677287082656
156	50	-0.0441621128420453
156	90	-0.0863571906271813
157	50	-0.0883956648763062
157	90	-0.148833585278185
158	50	-0.194834304755097
158	90	-0.198131145223512
159	50	-0.00644310006539878
159	90	-0.048199268733531
160	50	-0.0805110667873683
160	90	-0.113024990794108
161	50	-0.0964028828514883
161	90	-0.138888556436973
162	50	-0.0788528478231809
162	90	-0.0956337529116891
163	50	-0.102851161038757
163	90	-0.133101025221322
164	50	-0.0715132106402371
164	90	-0.0894093181026056
165	50	-0.147113739396418
165	90	-0.160616866431949
166	50	-0.197265564255943
166	90	-0.195412169114004
167	50	-0.0712971165711567
167	90	-0.103724770695679
168	50	0.0330931419650559
168	90	-0.0153147099715851
169	50	-0.120900931134876
169	90	-0.144689813056294
170	50	-0.053161967411889
170	90	-0.097657082350466
171	50	-0.0935293008041499
171	90	-0.150907464082984
172	50	-0.197053890389876
172	90	-0.202882348378574
173	50	-0.11712579727902
173	90	-0.168392921152554
174	50	-0.138636669845498
174	90	-0.151541817873904
175	50	-0.114854330797931
175	90	-0.135707513791258
176	50	-0.100737926093626
176	90	-0.137356988080954
177	50	-0.0260892831438836
177	90	-0.0564831920505049
178	50	-0.0153732891281787
178	90	-0.120069986560529
179	50	-0.0538889613420456
179	90	-0.0973164479518491
180	50	-0.0885677357001297
180	90	-0.0934032904117644
181	50	-0.084391037902932
181	90	-0.0931984765324481
182	50	-0.129822697956941
182	90	-0.146834415386102
183	50	-0.0733936211448061
183	90	-0.122642279777321
184	50	-0.0937156949898665
184	90	-0.162654661656241
185	50	-0.0809997380226563
185	90	-0.0959635814947627
186	50	-0.129264219249404
186	90	-0.163603414738567
187	50	-0.0868120103507946
187	90	-0.135249125859789
188	50	0.0149961366128027
188	90	-0.0641640735671474
189	50	0.00809063116413251
189	90	-0.0271846450201033
190	50	-0.0348108460427513
190	90	-0.11136557694116
191	50	-0.0791017795445983
191	90	-0.137241875453705
192	50	-0.182854582945146
192	90	-0.191373761770488
193	50	0.0612981590140008
193	90	-0.0398351327423383
194	50	-0.15281100761979
194	90	-0.140340893276949
195	50	-0.0633974324549915
195	90	-0.0814244701457955
196	50	-0.10078603843125
196	90	-0.0653767792772206
197	50	-0.0301048962435162
197	90	-0.11592767569413
198	50	-0.0576672767598688
198	90	-0.0746864755368322
199	50	-0.0965474538295001
199	90	-0.102311825623378
200	50	-0.0913729277158445
200	90	-0.0990716923048063
201	50	-0.0627033690682735
201	90	-0.0891239206147932
202	50	-0.0607610858643714
202	90	-0.0633356630128792
203	50	-0.149866583525599
203	90	-0.158125706094789
204	50	-0.0389302450644842
204	90	-0.0937824555017604
205	50	-0.169965761552834
205	90	-0.208723074483176
206	50	-0.149653370814777
206	90	-0.141532457179404
207	50	-0.056457070189517
207	90	-0.114752865410265
208	50	-0.0998298616023247
208	90	-0.143421630121805
209	50	-0.205439764152286
209	90	-0.145783511509644
210	50	-0.183240143184323
210	90	-0.200658315619019
211	50	-0.0607436142386895
211	90	-0.116245548303398
212	50	-0.134400196637494
212	90	-0.100165667737531
213	50	-0.154402888490352
213	90	-0.140680263246431
214	50	-0.0413786650827642
214	90	-0.120751963948516
215	50	-0.124649895631025
215	90	-0.1310871829907
216	50	-0.118415562500841
216	90	-0.154832992679276
217	50	-0.0608705350218978
217	90	-0.115591064081487
218	50	-0.135347970791466
218	90	-0.14959745229033
219	50	-0.0543891087225417
219	90	-0.110549398120475
220	50	-0.16433067366269
220	90	-0.164658851284517
221	50	-0.162388306086163
221	90	-0.189953866098188
222	50	-0.115712484192753
222	90	-0.165121725895636
223	50	-0.15606884027919
223	90	-0.147166658897538
224	50	-0.0304318466579298
224	90	-0.0919284385784014
225	50	-0.118929222257379
225	90	-0.130219208286309
226	50	-0.0744920253769507
226	90	-0.146546832314943
227	50	-0.117148746674155
227	90	-0.104384141114056
228	50	-0.0917031530022162
228	90	-0.111263870707878
229	50	-0.0916665801810969
229	90	-0.141354894239387
230	50	-0.057040723804265
230	90	-0.124467238922857
231	50	-0.0575711726135236
231	90	-0.0852221455999091
232	50	-0.0669631251708567
232	90	-0.0937632023967027
233	50	-0.15300640920673
233	90	-0.177214090308903
234	50	-0.144825011347815
234	90	-0.167687151388981
235	50	-0.0522014600751198
235	90	-0.118514445405355
236	50	-0.120026846385621
236	90	-0.170196066746078
237	50	-0.0981436376453397
237	90	-0.147362662221072
238	50	-0.0689819583186632
238	90	-0.120983182430384
239	50	-0.161678269828143
239	90	-0.158611908005624
240	50	-0.182068314369717
240	90	-0.179178272474022
241	50	-0.182512844514685
241	90	-0.154335106041048
242	50	0.0131620304425869
242	90	-0.0775196542053349
243	50	-0.00946021098934831
243	90	-0.12563521147039
244	50	-0.0752615304367118
244	90	-0.116666400594329
245	50	-0.123921846742737
245	90	-0.147436680271418
246	50	-0.0345503424471111
246	90	-0.0703653075776197
247	50	-0.0705556949208733
247	90	-0.121591454005296
248	50	-0.16626336427923
248	90	-0.157025587306154
249	50	-0.0522959705940012
249	90	-0.0915037736394466
250	50	-0.125193019873279
250	90	-0.130627885096838
251	50	-0.0831015832173983
251	90	-0.130461791488385
252	50	-0.0319386030521509
252	90	-0.096837678460431
253	50	-0.0512856631214788
253	90	-0.0894644721761433
254	50	-0.0873465615306235
254	90	-0.0913437815934299
255	50	-0.0848566911337936
255	90	-0.132805613413038
256	50	-0.0529934594893267
256	90	-0.114132717248177
257	50	-0.0447612448141051
257	90	-0.0877745873683706
258	50	0.018941038201806
258	90	-0.0389742956089527
259	50	-0.209697609360777
259	90	-0.176008137498829
260	50	-0.116384525450812
260	90	-0.153977859461471
261	50	-0.106447791182474
261	90	-0.124749801966638
262	50	-0.0212390357390859
262	90	-0.095791900780844
263	50	-0.138614237881697
263	90	-0.123361318548628
264	50	-0.0986661919233841
264	90	-0.133093207861841
265	50	-0.172975846393722
265	90	-0.151903185190147
266	50	-0.109794501680074
266	90	-0.120707569777866
267	50	-0.170567001707166
267	90	-0.193297935131421
268	50	-0.125924083740455
268	90	-0.135248473158244
269	50	-0.11756786875835
269	90	-0.125330567265692
270	50	-0.0165982383917764
270	90	-0.0550583329063939
271	50	-0.0369808614145824
271	90	-0.0652093654965239
272	50	-0.0621334022366741
272	90	-0.0849525270607658
273	50	-0.0933969161642656
273	90	-0.108228010641448
274	50	-0.170567795042158
274	90	-0.19914933217615
275	50	-0.151643711452727
275	90	-0.174356515208286
276	50	-0.161920098391634
276	90	-0.171817909415407
277	50	-0.0630874925692614
277	90	-0.0975910170780267
278	50	-0.0535507532561595
278	90	-0.0893863944236164
279	50	-0.129516337878313
279	90	-0.112603747015958
280	50	-0.163432725699457
280	90	-0.184461143483991
281	50	-0.138798063187646
281	90	-0.170248746731965
282	50	-0.0254795204608687
282	90	-0.0808656327293712
283	50	-0.0964568687745549
283	90	-0.132100530523071
284	50	-0.196968944318305
284	90	-0.165230167866583
285	50	-0.169903631932668
285	90	-0.15466544083684
286	50	-0.0416689854429484
286	90	-0.0997993446033018
287	50	-0.16499808399997
287	90	-0.192936503437127
288	50	-0.132171952342422
288	90	-0.145064131305268
289	50	-0.118047579437069
289	90	-0.150569288584527
290	50	-0.0931428112402099
290	90	-0.119828393008753
291	50	-0.130362133947092
291	90	-0.128161340288793
292	50	-0.131441778659632
292	90	-0.134864504147503
293	50	0.0368241680669044
293	90	-0.0540834647547145
294	50	-0.144767091789324
294	90	-0.16183987630781
295	50	-0.130701539657543
295	90	-0.175112640418787
296	50	-0.117533490118322
296	90	-0.135054923561782
297	50	-0.0254628687635302
297	90	-0.082210088851977
298	50	-0.167971530754078
298	90	-0.173520828667139
299	50	-0.154620108081216
299	90	-0.183626182039425
300	50	-0.163619030990098
300	90	-0.170180155714171
301	50	-0.00748207981019517
301	90	-0.0775877465557721
302	50	-0.0155279379912455
302	90	-0.0905501500941222
303	50	-0.1320267010821
303	90	-0.154016193151628
304	50	-0.0224078574529004
304	90	-0.0648275991602056
305	50	-0.121987224472045
305	90	-0.154176780286388
306	50	-0.0216800021992761
306	90	-0.0937658134478916
307	50	-0.0726469746481977
307	90	-0.101805017309786
308	50	-0.00761432192149542
308	90	-0.0371424668994847
309	50	-0.0330748711776974
309	90	-0.071576559006624
310	50	-0.186729367601279
310	90	-0.15084831585216
311	50	-0.0594254374875873
311	90	-0.0934260292324249
312	50	0.0413727827990757
312	90	-0.0197701969358778
313	50	-0.0982165599004603
313	90	-0.152821987177178
314	50	-0.0576026657148065
314	90	-0.151112237658465
315	50	0.00888409069651689
315	90	-0.0626473990790527
316	50	-0.0955594809625458
316	90	-0.114661416825776
317	50	-0.116788612239059
317	90	-0.150530504896463
318	50	-0.099714189573036
318	90	-0.140979392827547
319	50	-0.16446849856965
319	90	-0.147769708780307
320	50	-0.104559551043099
320	90	-0.117760448583749
321	50	-0.114945427981203
321	90	-0.103538166311827
322	50	-0.142545934402557
322	90	-0.125728950424343
323	50	-0.142720999779723
323	90	-0.123420094093407
324	50	-0.073283364585873
324	90	-0.0911759783244844
325	50	-0.0330404091712839
325	90	-0.109659082535655
326	50	-0.138420806109825
326	90	-0.172214206592386
327	50	-0.146715553975699
327	90	-0.127083128833758
328	50	-0.0305248742150508
328	90	-0.0623146581251916
329	50	-0.146712049559206
329	90	-0.174033343666545
330	50	-0.0473579306020002
330	90	-0.0867313875550783
331	50	-0.12787720256968
331	90	-0.162208378932014
332	50	-0.136030655581216
332	90	-0.174653055026051
333	50	-0.098915631833455
333	90	-0.171494138219791
334	50	-0.10014187529316
334	90	-0.115400074218731
335	50	0.0615990225783967
335	90	-0.0121982387961789
336	50	-0.0240543866199178
336	90	-0.0694815446461195
337	50	-0.127842322169004
337	90	-0.119219434719883
338	50	-0.0673519544042963
338	90	-0.148970819812912
339	50	-0.180546827269622
339	90	-0.193871748931611
340	50	-0.121961540361901
340	90	-0.108774267910011
341	50	-0.0462821316178104
341	90	-0.0420312154927057
342	50	-0.0234180656603855
342	90	-0.0954625933566532
343	50	-0.0250722101659234
343	90	-0.0697648763862591
344	50	-0.079401806068346
344	90	-0.111206045404922
345	50	-0.0841667026359955
345	90	-0.0831388686597322
346	50	0.0679238155774351
346	90	0.00470280356444715
347	50	-0.195269197023997
347	90	-0.170801715938906
348	50	-0.052743013953341
348	90	-0.109121036673867
349	50	-0.118751646008028
349	90	-0.0984359866099467
350	50	-0.132479290389811
350	90	-0.142302971356851
351	50	-0.0636876442893201
351	90	-0.0978271892541831
352	50	-0.213775723784824
352	90	-0.212910187484496
353	50	-0.140392077967864
353	90	-0.151925398010087
354	50	-0.166586824750082
354	90	-0.10433786440042
355	50	-0.238020024040591
355	90	-0.193514105170088
356	50	0.043338569565698
356	90	-0.0536258602310397
357	50	-0.0944222150975164
357	90	-0.114689611988679
358	50	-0.00195629728196798
358	90	-0.0598802097851245
359	50	-0.0260179808628338
359	90	-0.0919995479775163
360	50	-0.130743873319865
360	90	-0.145241844092063
361	50	-0.0289414115537881
361	90	-0.0615216103021988
362	50	-0.171391479882745
362	90	-0.168609831269952
363	50	-0.0999007574750967
363	90	-0.14025404582925
364	50	-0.204459351512746
364	90	-0.184593529634395
365	50	-0.0267745167809821
365	90	-0.0526686186354089
366	50	-0.202566107526098
366	90	-0.206821945681184
367	50	-0.112450767893004
367	90	-0.122049859251314
368	50	-0.110128050069088
368	90	-0.172667407741651
369	50	-0.232197115619891
369	90	-0.201172466509118
370	50	-0.159123426355258
370	90	-0.189760091439966
371	50	-0.0126285435802286
371	90	-0.0561736010413396
372	50	-0.0832033291938719
372	90	-0.113297260959097
373	50	-0.099793671432912
373	90	-0.141843295058469
374	50	-0.182217589712692
374	90	-0.142842532702325
375	50	-0.0509522035610741
375	90	-0.143650589544112
376	50	-0.0835587885349268
376	90	-0.16393394639262
377	50	-0.0751304244103735
377	90	-0.108650844688483
378	50	-0.189564141631363
378	90	-0.150991642900855
379	50	-0.16682881621236
379	90	-0.179648292276856
380	50	-0.128321369905629
380	90	-0.168391835949576
381	50	-0.07079248812034
381	90	-0.0985750824502385
382	50	-0.0928317135178559
382	90	-0.0982702824195292
383	50	-0.138357889675035
383	90	-0.122853315565424
384	50	-0.0610634154569592
384	90	-0.0826405244190743
385	50	-0.158246601791048
385	90	-0.15135633368844
386	50	-0.0715140027006608
386	90	-0.0908170365676609
387	50	-0.229612190422827
387	90	-0.215421708685018
388	50	0.0266153650838004
388	90	-0.0988107246438193
389	50	-0.0244402552230142
389	90	-0.0947733869003886
390	50	-0.133326632987426
390	90	-0.145752637723463
391	50	-0.143461082975367
391	90	-0.162286294741301
392	50	-0.123534050680095
392	90	-0.15046572139736
393	50	-0.0461780543624728
393	90	-0.0669932486849544
394	50	-0.0554387499931145
394	90	-0.0808016545045357
395	50	-0.150099144314517
395	90	-0.168508168228165
396	50	-0.130499353553735
396	90	-0.130963026283697
397	50	-0.165265684177384
397	90	-0.178559567017775
398	50	-0.0297799277162045
398	90	-0.0830239284100131
399	50	-0.0463930945154011
399	90	-0.0932509537265509
400	50	-0.0885985043621223
400	90	-0.118186308250831
401	50	-0.163780633241081
401	90	-0.161422806570348
402	50	-0.0652729311965992
402	90	-0.0733579331610134
403	50	-0.0649323957446058
403	90	-0.115751714592391
404	50	-0.111643166517331
404	90	-0.118131156061448
405	50	-0.0924632605799258
405	90	-0.0927915879632404
406	50	-0.0354432934399347
406	90	-0.100088325824655
407	50	-0.119150200311301
407	90	-0.159302998383561
408	50	-0.106922224268856
408	90	-0.107457049201683
409	50	-0.0603503487196096
409	90	-0.0762124482922034
410	50	-0.109871906317019
410	90	-0.0960740559028138
411	50	-0.115308829089291
411	90	-0.124617138809178
412	50	0.0448612113033205
412	90	-0.0573625896639871
413	50	-0.202970013739381
413	90	-0.176736207765886
414	50	-0.0773607546760723
414	90	-0.110598760189921
415	50	-0.146815660303379
415	90	-0.151133133710919
416	50	-0.0697510876900565
416	90	-0.107813610267595
417	50	-0.17703553519563
417	90	-0.15317082019123
418	50	-0.00487025302353945
418	90	-0.0557227131390423
419	50	-0.156646449740649
419	90	-0.155394416808961
420	50	-0.0850617762777295
420	90	-0.135830301902665
421	50	-0.0574985149589261
421	90	-0.111223521540678
422	50	-0.0542573064649465
422	90	-0.0625342704130503
423	50	-0.0464812450323843
423	90	-0.0714352362357069
424	50	-0.0822620527887995
424	90	-0.0647711569082495
425	50	-0.178667035982049
425	90	-0.178378004180402
426	50	-0.132021670749855
426	90	-0.133467051656587
427	50	-0.114226036423214
427	90	-0.119966764623601
428	50	-0.124947081016368
428	90	-0.107586969278278
429	50	-0.0198574239795201
429	90	-0.118989510976424
430	50	-0.140952370043251
430	90	-0.162477624905313
431	50	-0.0364623503540613
431	90	-0.119532588305674
432	50	-0.179170874952172
432	90	-0.143742681660044
433	50	-0.0952350052820849
433	90	-0.0863047286032861
434	50	-0.125801300778385
434	90	-0.14595705549079
435	50	-0.0314554318685771
435	90	-0.050727123573037
436	50	-0.112908920822487
436	90	-0.133018599514388
437	50	-0.10474250536228
437	90	-0.123288199020947
438	50	-0.0319833369159275
438	90	-0.0568736100642973
439	50	-0.131221332778441
439	90	-0.144036769997713
440	50	-0.00491035788038906
440	90	-0.0906242506145152
441	50	-0.126199097601345
441	90	-0.162104005252387
442	50	-0.16570890001991
442	90	-0.213140202319041
443	50	-0.152358340941172
443	90	-0.158155513740899
444	50	-0.0760368982466304
444	90	-0.088890010155426
445	50	-0.00744737848926863
445	90	-0.0859100642630112
446	50	-0.09552150059029
446	90	-0.0780630898861301
447	50	-0.0536338017429076
447	90	-0.11024114923371
448	50	-0.0836084473094796
448	90	-0.118011284608045
449	50	-0.0680044953560848
449	90	-0.112866880762832
450	50	-0.0223668436528021
450	90	-0.0739470346494746
451	50	-0.0997215396677175
451	90	-0.0898525578674187
452	50	-0.144213440671481
452	90	-0.169592125335283
453	50	-0.152893577716729
453	90	-0.135882250689222
454	50	0.0510519017474269
454	90	-0.0432966907249942
455	50	-0.173712820911103
455	90	-0.174465106712398
456	50	0.0416968889130052
456	90	-0.0442322904777388
457	50	-0.106202958522745
457	90	-0.085675375297392
458	50	-0.0819903991276347
458	90	-0.101448925302218
459	50	-0.0396638684398467
459	90	-0.0795591671236388
460	50	-0.0203589961072208
460	90	-0.0659306291628245
461	50	-0.154625287455774
461	90	-0.187805672405596
462	50	-0.0471553158981345
462	90	-0.0956973359822236
463	50	-0.0668429146989711
463	90	-0.0799307056109725
464	50	-0.0463988436954117
464	90	-0.0961434069628212
465	50	-0.0649558860653105
465	90	-0.0850539291843727
466	50	-0.194299663442372
466	90	-0.187022978810964
467	50	-0.169919788867054
467	90	-0.158857166980412
468	50	-0.15376792698745
468	90	-0.14321342650774
469	50	-0.0444823602729409
469	90	-0.0876822494404848
470	50	-0.135859599749015
470	90	-0.138529365008113
471	50	-0.115001998100482
471	90	-0.185475557537319
472	50	-0.0459539633958573
472	90	-0.0897651401746948
473	50	0.00858542562468363
473	90	-0.0933991528092937
474	50	-0.202429977468133
474	90	-0.159131051218768
475	50	-0.129653687079759
475	90	-0.117850966884891
476	50	-0.180887648508118
476	90	-0.191828945511169
477	50	-0.0534881804974478
477	90	-0.121710893446011
478	50	0.0150116208276832
478	90	-0.046305241756366
479	50	0.00644466158055339
479	90	-0.0151026562898205
480	50	-0.039254949698996
480	90	-0.0831236344882059
481	50	-0.0406371742719775
481	90	-0.0921232219397592
482	50	-0.069822704183583
482	90	-0.110831669042124
483	50	-0.0801830610359331
483	90	-0.104253777886626
484	50	-0.0424484896237291
484	90	-0.119655889693663
485	50	-0.0200489258078505
485	90	-0.121356569519495
486	50	-0.00195196152426812
486	90	-0.0826506329706593
487	50	-0.254483133952212
487	90	-0.214303907376763
488	50	-0.177896033033174
488	90	-0.186431517749867
489	50	-0.102311462651438
489	90	-0.142489332674885
490	50	-0.0381286298526685
490	90	-0.105188105582326
491	50	-0.0953500379584717
491	90	-0.0999980126684317
492	50	-0.057889674932168
492	90	-0.087872920164532
493	50	-0.0367011120355319
493	90	-0.107733985787835
494	50	-0.141854270008117
494	90	-0.155105726462778
495	50	-0.0778735553669578
495	90	-0.095949396893834
496	50	-0.125242145579422
496	90	-0.0874227013933671
497	50	-0.0329298432032867
497	90	-0.0843239057051117
498	50	-0.041766461555131
498	90	-0.0695485492283434
499	50	-0.110271372311915
499	90	-0.120365701827935
500	50	-0.0549111137622902
500	90	-0.120069956084272
501	50	-0.0573874916357579
501	90	-0.0858856162261209
502	50	-0.0446647661699389
502	90	-0.0958776885652331
503	50	-0.129793007849489
503	90	-0.113062545642968
504	50	0.0232020826468814
504	90	-0.0640502222094487
505	50	-0.121863996042161
505	90	-0.176107457374212
506	50	-0.170772807865607
506	90	-0.176232749978571
507	50	-0.101537845021119
507	90	-0.153455535993659
508	50	-0.207732729671181
508	90	-0.193064073518193
509	50	-0.0821396414634466
509	90	-0.0797495968841126
510	50	-0.0338411217272386
510	90	-0.154476484362333
511	50	-0.107462584904908
511	90	-0.125115816304049
512	50	-0.123701564715707
512	90	-0.146082833415185
513	50	-0.0394404036492644
513	90	-0.074829739198324
514	50	-0.10150252141946
514	90	-0.110514672509431
515	50	-0.113056211977639
515	90	-0.137957525480328
516	50	-0.134353809030004
516	90	-0.117386208457507
517	50	-0.0420218209662154
517	90	-0.10335089312987
518	50	-0.0717721345906341
518	90	-0.0977674865923424
519	50	-0.126516383850093
519	90	-0.135629483064456
520	50	-0.0638163072594136
520	90	-0.0789096453836474
521	50	-0.0766928520573683
521	90	-0.121114089145003
522	50	-0.206486188786833
522	90	-0.191144189018726
523	50	-0.0495449058891538
523	90	-0.0751672725676011
524	50	-0.0709559308701687
524	90	-0.0963486524699068
525	50	-0.0433512712898134
525	90	-0.0643140616401906
526	50	-0.0194130765772477
526	90	-0.0787120067670236
527	50	-0.220637493583433
527	90	-0.217091981390414
528	50	-0.172588087311385
528	90	-0.155184428147354
529	50	-0.150161435492883
529	90	-0.156349590134203
530	50	-0.0416460735156036
530	90	-0.0910912212237073
531	50	-0.145324016208674
531	90	-0.120574597650341
532	50	-0.0313155433386038
532	90	-0.0675568358397576
533	50	-0.0970383641151882
533	90	-0.118860897996028
534	50	-0.137720971152715
534	90	-0.143849717923573
535	50	-0.0940239959326045
535	90	-0.124671157738294
536	50	-0.0427003650357004
536	90	-0.110446064401792
537	50	-0.0161349263703193
537	90	-0.102431571814817
538	50	-0.105567428453518
538	90	-0.116079407430457
539	50	-0.132961101382245
539	90	-0.153218220806382
540	50	-0.0411061750724487
540	90	-0.0616982178336006
541	50	-0.0762457894549338
541	90	-0.093064962953767
542	50	-0.00694233357377273
542	90	-0.0770730846219024
543	50	-0.112051176069541
543	90	-0.133585266811579
544	50	-0.0578922823987437
544	90	-0.125924380523063
545	50	-0.00289537114288886
545	90	-0.055499251572421
546	50	-0.0571085669962004
546	90	-0.082768178185067
547	50	-0.0706376193054861
547	90	-0.0878184392566017
548	50	-0.0758207607986716
548	90	-0.0633968277574274
549	50	-0.104815547053358
549	90	-0.14342917763658
550	50	-0.129509602342738
550	90	-0.145790724865156
551	50	-0.166609021727934
551	90	-0.189903130998757
552	50	-0.0796940456486956
552	90	-0.120266684416173
553	50	-0.0494678358966368
553	90	-0.108327490563041
554	50	-0.0638836295167088
554	90	-0.161842140036693
555	50	-0.165059685025172
555	90	-0.160799407726
556	50	-0.141110029802629
556	90	-0.157367738993173
557	50	-0.240988636218422
557	90	-0.207033668040489
558	50	-0.0835702202042879
558	90	-0.119015513196177
559	50	-0.161469673457254
559	90	-0.145416127482007
560	50	-0.120962424615322
560	90	-0.146504138750554
561	50	-0.161394241212896
561	90	-0.184698934526819
562	50	-0.17795896206282
562	90	-0.185956697906275
563	50	-0.172764279317656
563	90	-0.183591751486217
564	50	0.00503360786752221
564	90	-0.0805478933222316
565	50	-0.0514987156255203
565	90	-0.117671113632388
566	50	-0.0333950746998366
566	90	-0.0417476844816377
567	50	-0.189283404639327
567	90	-0.163622234149399
568	50	-0.0433726280663228
568	90	-0.0839354229411815
569	50	-0.0355426114576386
569	90	-0.0773777301548819
570	50	-0.044340601662385
570	90	-0.105581986895017
571	50	-0.0789500718958447
571	90	-0.0786488493119793
572	50	-0.109380236169284
572	90	-0.121655801613235
573	50	-0.0368534436198697
573	90	-0.0409598310490589
574	50	-0.0883787193529631
574	90	-0.126891977031533
575	50	-0.114367582017464
575	90	-0.17082074977687
576	50	-0.0552522751453903
576	90	-0.0925229759947081
577	50	-0.219466092543418
577	90	-0.207182633849039
578	50	-0.0998553457517188
578	90	-0.106543210671702
579	50	0.00743404845172747
579	90	-0.0870428645326492
580	50	-0.102975245074924
580	90	-0.142266984310055
581	50	-0.0542388974957038
581	90	-0.0949935570753549
582	50	-0.0452100487107982
582	90	-0.0898122343370521
583	50	-0.0458258118017961
583	90	-0.0802885728401217
584	50	-0.113360938015833
584	90	-0.107603579739689
585	50	-0.0873046732682066
585	90	-0.10906155390394
586	50	-0.0343963403866141
586	90	-0.129548320187374
587	50	-0.13497079030753
587	90	-0.164810155472234
588	50	-0.0658137892758787
588	90	-0.0915216084065775
589	50	-0.194664054128177
589	90	-0.173218106828758
590	50	-0.0959258405670384
590	90	-0.126613075784888
591	50	-0.0144213874274076
591	90	-0.103273825894714
592	50	-0.0568544347205527
592	90	-0.0944259382854072
593	50	-0.00130864960575428
593	90	-0.0602810104064168
594	50	-0.133855603878743
594	90	-0.127856729247472
595	50	-0.112054372911719
595	90	-0.114280841383723
596	50	-0.0679644317790889
596	90	-0.0904896173149502
597	50	-0.123233446440396
597	90	-0.137110340192846
598	50	-0.139207637660796
598	90	-0.168023091757307
599	50	-0.19163101687006
599	90	-0.159185136231009
600	50	-0.14769058304267
600	90	-0.159034027711261
601	50	-0.0522975870461167
601	90	-0.0932775156363319
602	50	-0.115940521363422
602	90	-0.115954323290082
603	50	-0.0573305161658808
603	90	-0.102747610897839
604	50	0.0332966279503059
604	90	-0.0653306088501486
605	50	-0.041593389730896
605	90	-0.0896957908139342
606	50	-0.168804279822733
606	90	-0.163492174882741
607	50	-0.0435163122989065
607	90	-0.0975654063820139
608	50	-0.0161381439257762
608	90	-0.0536872463366773
609	50	-0.162939189956686
609	90	-0.145260968446342
610	50	-0.0474565073495324
610	90	-0.0963397357518523
611	50	-0.0475713688212812
611	90	-0.0673935486403298
612	50	-0.049780273226182
612	90	-0.0788377087072319
613	50	-0.0972724511618608
613	90	-0.152609723488592
614	50	-0.0633206287153443
614	90	-0.0707006616484984
615	50	-0.105373209989648
615	90	-0.100476176664982
616	50	0.0171022247111902
616	90	-0.0866468013211023
617	50	-0.145774771530054
617	90	-0.159407683087819
618	50	-0.0200023154351574
618	90	-0.0961721126793838
619	50	-0.17877905135267
619	90	-0.178145682452766
620	50	-0.0268768924041815
620	90	-0.0620610993301378
621	50	-0.00972077569204819
621	90	-0.0977601768750702
622	50	-0.125945938967396
622	90	-0.136821107964095
623	50	-0.108048246189485
623	90	-0.128019860281881
624	50	-0.164347724878503
624	90	-0.176214413851757
625	50	-0.175437794254908
625	90	-0.159440746786899
626	50	-0.148132396901321
626	90	-0.156905898106621
627	50	-0.0206893752801727
627	90	-0.0428372858715793
628	50	-0.0720716722565113
628	90	-0.094549236916961
629	50	-0.0620098227393983
629	90	-0.0672361171800861
630	50	-0.0457468413103124
630	90	-0.0864186500461517
631	50	-0.172637301665704
631	90	-0.173384961512286
632	50	-0.0518254128098459
632	90	-0.0843682272365494
633	50	-0.0734931768021253
633	90	-0.094944432172132
634	50	-0.137270617138511
634	90	-0.16673760925467
635	50	-0.0822587714553964
635	90	-0.14620410780176
636	50	-0.032279256735839
636	90	-0.0868284938505639
637	50	-0.111868238035589
637	90	-0.170703074923823
638	50	-0.123090749982533
638	90	-0.148067807626411
639	50	-0.125585732183136
639	90	-0.164796779379049
640	50	-0.159870405881029
640	90	-0.170942610199763
641	50	0.0201537171751385
641	90	-0.0633559135917856
642	50	-0.0891675767689825
642	90	-0.142331614032486
643	50	-0.1315595790125
643	90	-0.158775524088405
644	50	-0.10351410421993
644	90	-0.119053552259719
645	50	-0.00921794311774396
645	90	-0.0525196869953523
646	50	-0.00304971119166326
646	90	-0.0502865670420273
647	50	-0.0579774911263013
647	90	-0.115523793477695
648	50	-0.0713724422210292
648	90	-0.103891352857748
649	50	-0.160388637899961
649	90	-0.168504453464609
650	50	-0.111321297794936
650	90	-0.16515631463401
651	50	-0.169955056525827
651	90	-0.165053334993632
652	50	-0.139928412603184
652	90	-0.138920609581159
653	50	-0.142099908125187
653	90	-0.118348996136081
654	50	-0.12741964293561
654	90	-0.134807300823695
655	50	-0.0880966070716939
655	90	-0.112701055117614
656	50	-0.160100440736336
656	90	-0.141826904166487
657	50	0.0145784772862648
657	90	-0.0884368718725904
658	50	-0.0888535905582326
658	90	-0.0975515004021326
659	50	-0.0379452442431806
659	90	-0.0574896250693032
660	50	0.0624640311996077
660	90	-0.038905439945741
661	50	-0.119186217736872
661	90	-0.158106271415513
662	50	-0.118189087410105
662	90	-0.145051931243146
663	50	0.0152109870151631
663	90	-0.0820230681213024
664	50	-0.0730769912380289
664	90	-0.0925145730054142
665	50	-0.0986330754892179
665	90	-0.144654360934245
666	50	-0.152952849009632
666	90	-0.123028983372393
667	50	-0.10589918237127
667	90	-0.139632399493652
668	50	-0.161651822684762
668	90	-0.173586846690715
669	50	-0.135878746855991
669	90	-0.157017207414139
670	50	-0.123541335433536
670	90	-0.147936480491757
671	50	-0.0945926955221471
671	90	-0.112698732011036
672	50	-0.113799171000993
672	90	-0.136667706853392
673	50	-0.168935467217679
673	90	-0.14705932761089
674	50	-0.139017850591478
674	90	-0.17302322068624
675	50	-0.0397603834749866
675	90	-0.103334108138805
676	50	-0.0583758328712405
676	90	-0.132634088879164
677	50	-0.190553860293946
677	90	-0.192626432371989
678	50	-0.150687546656753
678	90	-0.154795003155017
679	50	-0.127687680685996
679	90	-0.145166205124735
680	50	-0.123137569355177
680	90	-0.140502875825599
681	50	-0.115006273542836
681	90	-0.140493728858834
682	50	-0.0924505872732829
682	90	-0.138962839866547
683	50	-0.149460107569547
683	90	-0.156272020731978
684	50	-0.0951997001875592
684	90	-0.138512694255692
685	50	-0.0718095534375567
685	90	-0.116142960053199
686	50	-0.122523826154605
686	90	-0.133643488250706
687	50	-0.105707309742353
687	90	-0.132237353168197
688	50	-0.108752248885313
688	90	-0.0990588066333504
689	50	-0.15016110293113
689	90	-0.139770003576809
690	50	-0.0806644826499534
690	90	-0.099845097664843
691	50	-0.0739546659894954
691	90	-0.135394115844426
692	50	-0.119156241250135
692	90	-0.164338950450012
693	50	0.0522743459282364
693	90	-0.0880665344989889
694	50	-0.0799787103938565
694	90	-0.105301914915187
695	50	-0.0467006583147271
695	90	-0.0795508941090239
696	50	-0.102476161735605
696	90	-0.0765302831437898
697	50	-0.169519813688271
697	90	-0.181305003272688
698	50	-0.169755494803888
698	90	-0.204461753668424
699	50	-0.160335926210816
699	90	-0.111392398331239
700	50	0.0151203319169219
700	90	-0.0161577174031848
701	50	-0.103377823785763
701	90	-0.113006214767993
702	50	0.0193884172799192
702	90	-0.00811569281357207
703	50	-0.0750268420002189
703	90	-0.0890525170008383
704	50	-0.154683211906195
704	90	-0.1484278592049
705	50	-0.160870416484019
705	90	-0.162659618054183
706	50	-0.132823709825924
706	90	-0.160471155751246
707	50	0.0437917360642448
707	90	-0.0338198421793296
708	50	-0.125678007261174
708	90	-0.125082935032241
709	50	-0.238094772538004
709	90	-0.209447801215778
710	50	-0.0795199029123993
710	90	-0.154843987195513
711	50	-0.123418676272803
711	90	-0.141283525624699
712	50	-0.196848482539797
712	90	-0.21280308595442
713	50	-0.0660114614981779
713	90	-0.0624631490195095
714	50	-0.0952042866277639
714	90	-0.110098016741056
715	50	-0.222477758054516
715	90	-0.189013954447543
716	50	0.0351505082558292
716	90	-0.0402022958512987
717	50	-0.107163673106051
717	90	-0.143728269290412
718	50	-0.124407665698421
718	90	-0.172898051566341
719	50	-0.173974033338309
719	90	-0.149379958268957
720	50	-0.149475144102895
720	90	-0.134778008637121
721	50	-0.0766203099689036
721	90	-0.111951733723964
722	50	-0.0564926092681169
722	90	-0.110652688714174
723	50	-0.108351024627222
723	90	-0.100152569030196
724	50	-0.0829735434147999
724	90	-0.127039657138592
725	50	0.0125325013784427
725	90	-0.0400334810323
726	50	-0.0398920129023254
726	90	-0.0864725600628642
727	50	-0.08913362948273
727	90	-0.104923123087894
728	50	-0.180459308000628
728	90	-0.174794202466169
729	50	-0.0732816889579549
729	90	-0.117744218322983
730	50	-0.140004923702513
730	90	-0.158458752396601
731	50	-0.133475015991262
731	90	-0.137167694985457
732	50	-0.111968028382362
732	90	-0.148751801064116
733	50	-0.161249962879718
733	90	-0.155651013927574
734	50	-0.0921344164455176
734	90	-0.116763243786914
735	50	-0.14649955797423
735	90	-0.134435489463656
736	50	-0.101534522684602
736	90	-0.105500106824503
737	50	-0.148458111441112
737	90	-0.116215811426825
738	50	-0.14904754081261
738	90	-0.141110237536225
739	50	-0.0978962583201659
739	90	-0.114519001374976
740	50	-0.0972732237428598
740	90	-0.0939548552147791
741	50	-0.0022061846752357
741	90	-0.0559729367966752
742	50	-0.209734659297367
742	90	-0.185385073427623
743	50	-0.0676133898290381
743	90	-0.0800722038938658
744	50	-0.142933695078302
744	90	-0.15357531217344
745	50	-0.175823289470191
745	90	-0.153655883681796
746	50	-0.0463684427641974
746	90	-0.113219310102845
747	50	-0.0623646087155623
747	90	-0.121701462575271
748	50	-0.0457678114226041
748	90	-0.0756211746978143
749	50	-0.175765212490234
749	90	-0.134027414903565
750	50	-0.0900386893528443
750	90	-0.147147327108016
751	50	0.00540727467301394
751	90	-0.0400764646147922
752	50	-0.0428877276485601
752	90	-0.0934948210336783
753	50	-0.0644356924449814
753	90	-0.107642912795535
754	50	-0.131590294560291
754	90	-0.118292862267731
755	50	-0.0851444821513815
755	90	-0.0977865032010311
756	50	-0.162762159004388
756	90	-0.183784547319063
757	50	0.00199918921155103
757	90	-0.110242418872643
758	50	-0.155493259908943
758	90	-0.18843588175441
759	50	-0.185953154858643
759	90	-0.204904129173119
760	50	-0.0724573990538232
760	90	-0.106743447843962
761	50	-0.0915635492409415
761	90	-0.0875848869024242
762	50	-0.129290190741037
762	90	-0.147569716564951
763	50	-0.0592742716099901
763	90	-0.0506799301337328
764	50	-0.141536151269153
764	90	-0.0933092403995747
765	50	-0.0617959303561997
765	90	-0.107136038040923
766	50	-0.021282460752979
766	90	-0.0813859012110376
767	50	-0.0501239133106411
767	90	-0.082159501537523
768	50	-0.104143757626373
768	90	-0.121204365650255
769	50	-0.0971569001574711
769	90	-0.121391863054484
770	50	-0.154012309609477
770	90	-0.162800817120571
771	50	-0.127204498686402
771	90	-0.133431967372402
772	50	-0.030506049965186
772	90	-0.0940221155058791
773	50	-0.224496590240742
773	90	-0.238805498981279
774	50	-0.0982038377626068
774	90	-0.106767983977515
775	50	-0.153711683907543
775	90	-0.128542650259759
776	50	-0.0531436066194907
776	90	-0.0941553305886788
777	50	0.00973641322043148
777	90	-0.0484244401569423
778	50	-0.166039760128381
778	90	-0.125463701384389
779	50	-0.124476094549099
779	90	-0.139581552926767
780	50	-0.13772401708561
780	90	-0.150541074262245
781	50	-0.0572927986755365
781	90	-0.12372069304786
782	50	-0.157311875706948
782	90	-0.13396866755646
783	50	-0.117498064649339
783	90	-0.0994709701260699
784	50	-0.0987672199753779
784	90	-0.121981436210055
785	50	-0.120968273933561
785	90	-0.136172800378459
786	50	-0.0962029658623635
786	90	-0.110763931365052
787	50	-0.0823974082149957
787	90	-0.115089309063056
788	50	-0.0831855575097852
788	90	-0.127140942917411
789	50	-0.0259417401408233
789	90	-0.0737105219334678
790	50	-0.0139049227851228
790	90	-0.0692126732763542
791	50	-0.0839354005255792
791	90	-0.119347083128766
792	50	-0.108585924808611
792	90	-0.1282025177072
793	50	-0.165510308632816
793	90	-0.169273433690745
794	50	-0.0822617222564812
794	90	-0.146589917065711
795	50	-0.179472422239037
795	90	-0.178539724553241
796	50	-0.146355647581636
796	90	-0.139263596010675
797	50	-0.08365407331249
797	90	-0.129855771819576
798	50	-0.107924235042938
798	90	-0.140538878834775
799	50	-0.174213688929985
799	90	-0.171893686560579
800	50	-0.0131809477622759
800	90	-0.0590080118428372
801	50	-0.172816191424186
801	90	-0.174731175495026
802	50	-0.0787483890577438
802	90	-0.0893152127199691
803	50	-0.0832304543967012
803	90	-0.0978181435946483
804	50	0.00999337284070033
804	90	-0.033706208511999
805	50	-0.14087561250086
805	90	-0.166225933805904
806	50	-0.0649574755311606
806	90	-0.0815413427301447
807	50	-0.0220360010575708
807	90	-0.0570191810781758
808	50	-0.127799078988792
808	90	-0.156248149621861
809	50	-0.182931348483461
809	90	-0.197459660631494
810	50	-0.118425216742633
810	90	-0.185021456302475
811	50	-0.212818415168571
811	90	-0.206495780619273
812	50	-0.0216641401006642
812	90	-0.0922214668776653
813	50	-0.119865083708493
813	90	-0.133977127110256
814	50	-0.0523607687078966
814	90	-0.0894576125810975
815	50	-0.0691145387195594
815	90	-0.0813318369533487
816	50	-0.170648603363737
816	90	-0.152974060917067
817	50	-0.0198176144639857
817	90	-0.0555139203819383
818	50	-0.125211892441563
818	90	-0.122252762999875
819	50	-0.123049232159847
819	90	-0.130648083567372
820	50	-0.0835554874081292
820	90	-0.110421276735374
821	50	-0.0735039273536677
821	90	-0.0937721079832942
822	50	-0.0781255156270665
822	90	-0.122479460344709
823	50	-0.0982667904902355
823	90	-0.099411053362769
824	50	-0.0413058001390186
824	90	-0.10431986579261
825	50	-0.0671008366984294
825	90	-0.0797512872201721
826	50	-0.150502239567471
826	90	-0.19211461821985
827	50	-0.0829765395520893
827	90	-0.0935827356789474
828	50	-0.188688469226557
828	90	-0.143953886187806
829	50	-0.16686183529061
829	90	-0.173475009984406
830	50	-0.155512392470821
830	90	-0.141209080373266
831	50	-0.0305135093500458
831	90	-0.0932833637563065
832	50	-0.0765848518578774
832	90	-0.117107516360906
833	50	-0.199633178814118
833	90	-0.188519544294615
834	50	-0.0471993410954131
834	90	-0.0852131825635494
835	50	-0.204809559886163
835	90	-0.165251786453365
836	50	-0.0242245456938415
836	90	-0.105543153326149
837	50	0.00225252836303995
837	90	-0.0666694192244494
838	50	-0.126940531094402
838	90	-0.144637584588404
839	50	-0.0657080590946912
839	90	-0.0875022473357683
840	50	-0.126507498788137
840	90	-0.0880849266420873
841	50	-0.0628229194624132
841	90	-0.0802336178679242
842	50	-0.0397629240581094
842	90	-0.0770436145640288
843	50	-0.0547514912379639
843	90	-0.0877957517978304
844	50	-0.143023396281553
844	90	-0.138878200021013
845	50	-0.118509433822833
845	90	-0.143523556154904
846	50	-0.0248430340518179
846	90	-0.0601418126073264
847	50	-0.113964750812212
847	90	-0.126472395472609
848	50	-0.0108238431313791
848	90	-0.045405032781498
849	50	-0.145561703976205
849	90	-0.158736124533125
850	50	-0.175141873528988
850	90	-0.177383943457094
851	50	0.0313925367091284
851	90	-0.0628122437074692
852	50	-0.00829878937347451
852	90	-0.0621242870266805
853	50	-0.0529027963324284
853	90	-0.073247352061578
854	50	-0.118226610156537
854	90	-0.145605826110908
855	50	-0.106978427458435
855	90	-0.176852416235621
856	50	-0.0636912129319524
856	90	-0.108601955768497
857	50	-0.0758572509266975
857	90	-0.113640218511567
858	50	-0.0944717579609797
858	90	-0.11323244162154
859	50	-0.213496184769434
859	90	-0.17151652412653
860	50	-0.118710657135004
860	90	-0.114480420829079
861	50	-0.0882736941234681
861	90	-0.178501918346679
862	50	-0.136067484032225
862	90	-0.148570822914298
863	50	-0.139883060125822
863	90	-0.146103656028615
864	50	-0.211111881836842
864	90	-0.24377359590016
865	50	-0.0783694360840577
865	90	-0.117479219913723
866	50	-0.115371948469677
866	90	-0.137631516754239
867	50	-0.128226827583414
867	90	-0.147427902211741
868	50	-0.127502304468282
868	90	-0.148229527403668
869	50	-0.0634545179835631
869	90	-0.0922943399358192
870	50	-0.134019065596901
870	90	-0.136273479395555
871	50	-0.14525929172155
871	90	-0.141479680036062
872	50	-0.0879076156560436
872	90	-0.120226150246015
873	50	-0.0504140200382858
873	90	-0.0765037516892173
874	50	-0.0809712801696603
874	90	-0.10924574779917
875	50	-0.0764016970654152
875	90	-0.0962297298771381
876	50	-0.200974214759267
876	90	-0.200066343299432
877	50	-0.133988673427467
877	90	-0.145083796026341
878	50	-0.0393107220908882
878	90	-0.110132267736342
879	50	-0.111783366358775
879	90	-0.126468551463265
880	50	-0.0378346102488805
880	90	-0.0679092834061806
881	50	-0.164561690153033
881	90	-0.155740537453007
882	50	-0.00818934801609302
882	90	-0.0992051756255956
883	50	-0.0557568972625175
883	90	-0.152205342295768
884	50	-0.233594108609488
884	90	-0.212111912524619
885	50	-0.0523679137322393
885	90	-0.0809156469661065
886	50	0.00863442858092456
886	90	-0.0402941826716163
887	50	-0.0254553047927542
887	90	-0.112666424286603
888	50	-0.165034754610328
888	90	-0.136622219761615
889	50	-0.14161096126304
889	90	-0.146120912424146
890	50	-0.134677276767568
890	90	-0.169692042405204
891	50	-0.116804567989957
891	90	-0.151150793327194
892	50	-0.120689198791104
892	90	-0.163445734921563
893	50	-0.0864553451537638
893	90	-0.137598120360672
894	50	0.0280910426830656
894	90	-0.0304748678379278
895	50	-0.0876610826222617
895	90	-0.103742314644967
896	50	-0.103446849507513
896	90	-0.101569416896285
897	50	-0.126187564626222
897	90	-0.156094319599568
898	50	-0.214133659975793
898	90	-0.190218078120683
899	50	-0.154504967466004
899	90	-0.178789078006285
900	50	-0.148286666918203
900	90	-0.147392762986544
901	50	-0.0549731955486005
901	90	-0.0575044244847102
902	50	-0.143149730842165
902	90	-0.179000535263932
903	50	-0.145971380672558
903	90	-0.145327595505181
904	50	-0.0679581133342864
904	90	-0.088691803552315
905	50	-0.154738838346893
905	90	-0.164537007760954
906	50	-0.100111135456583
906	90	-0.12414179055405
907	50	0.0594924952763017
907	90	-0.0489613416282492
908	50	-0.215029053358345
908	90	-0.185811130017564
909	50	0.0503663613023297
909	90	-0.0527051744219219
910	50	-0.0358149073853746
910	90	-0.137113939256805
911	50	-0.136355046854787
911	90	-0.143693073540427
912	50	-0.191051606908728
912	90	-0.177714549165759
913	50	-0.0832504098604927
913	90	-0.148569777120324
914	50	-0.0377732172563233
914	90	-0.0765331054535136
915	50	-0.033074693249214
915	90	-0.0587930489240504
916	50	-0.157739407489698
916	90	-0.18840717919582
917	50	-0.0380827200642846
917	90	-0.064818628150178
918	50	-0.0496533536046898
918	90	-0.0769251160745216
919	50	-0.129344307771624
919	90	-0.129672164513573
920	50	-0.0941527760605513
920	90	-0.111355068699841
921	50	-0.0927868836818572
921	90	-0.105479636550143
922	50	-0.135908954842326
922	90	-0.185769837389243
923	50	-0.0183868685306248
923	90	-0.0848926926624243
924	50	-0.174782817734265
924	90	-0.159683718988326
925	50	-0.111843056136246
925	90	-0.127536040962522
926	50	-0.124452938684494
926	90	-0.143393184937339
927	50	-0.15530238048478
927	90	-0.16150086937465
928	50	-0.107278411907224
928	90	-0.134876015396791
929	50	-0.173202027235363
929	90	-0.145117307775286
930	50	-0.118928044047901
930	90	-0.119535661991211
931	50	-0.0893964133351206
931	90	-0.0741959822174873
932	50	-0.0825124376424224
932	90	-0.0981034399482195
933	50	-0.150238745833028
933	90	-0.173023603503582
934	50	-0.175871939101025
934	90	-0.133720461230292
935	50	-0.0229251075305884
935	90	-0.0602910858897558
936	50	-0.101903504134726
936	90	-0.138468012559413
937	50	-0.0192997927947916
937	90	-0.120269647409369
938	50	-0.131506154242214
938	90	-0.144692618404151
939	50	-0.0256869602721956
939	90	-0.0749747770982231
940	50	-0.0520537073762799
940	90	-0.0531267315109929
941	50	-0.159625337892917
941	90	-0.166899776298183
942	50	0.00199277869727807
942	90	-0.054120683189021
943	50	-0.176703050589053
943	90	-0.176297887276539
944	50	-0.16292125747779
944	90	-0.177996443716362
945	50	-0.0631096290286359
945	90	-0.0942450010604641
946	50	-0.0813525067063318
946	90	-0.107096321161238
947	50	-0.136887014441442
947	90	-0.17509792362304
948	50	-0.129367852240969
948	90	-0.13293399025047
949	50	-0.132069233249042
949	90	-0.126093091032762
950	50	-0.108256824259894
950	90	-0.142677440539845
951	50	-0.0466430186300608
951	90	-0.0929735336483715
952	50	-0.0519548569934216
952	90	-0.113210352537552
953	50	-0.129601444144171
953	90	-0.172695634801661
954	50	-0.0711640592029883
954	90	-0.0925971502955924
955	50	-0.0937863283863677
955	90	-0.140191511062831
956	50	-0.0341296319527827
956	90	-0.115995687983217
957	50	-0.0236464499343979
957	90	-0.0570078967513508
958	50	-0.183533793849655
958	90	-0.138110717257015
959	50	-0.131122826255789
959	90	-0.168909214417822
960	50	-0.114731518255209
960	90	-0.111049600033098
961	50	-0.101586203745625
961	90	-0.110737592285927
962	50	-0.180207589928644
962	90	-0.151912432439293
963	50	-0.128492908443422
963	90	-0.14000142876134
964	50	-0.115720235269375
964	90	-0.132700588429576
965	50	-0.206083215201857
965	90	-0.164076925809788
966	50	-0.0560736829456895
966	90	-0.0819399091004328
967	50	-0.146217557566687
967	90	-0.141109100837071
968	50	-0.175446600516279
968	90	-0.175070757323465
969	50	-0.116885926466177
969	90	-0.167447577258946
970	50	-0.110346176313545
970	90	-0.108887239091637
971	50	0.0350282260211791
971	90	-0.0470838386122529
972	50	-0.131049876651196
972	90	-0.120708034866151
973	50	-0.174986652103467
973	90	-0.206828343672045
974	50	-0.115515067775993
974	90	-0.112815860989169
975	50	-0.137081194197021
975	90	-0.171436556219661
976	50	-0.0608338768016533
976	90	-0.115851958041891
977	50	-0.129594770916368
977	90	-0.117783424549062
978	50	-0.116017453178632
978	90	-0.125513496437289
979	50	-0.055666123032583
979	90	-0.137692046472046
980	50	-0.0693160879955964
980	90	-0.0883037389707231
981	50	-0.0374323017720061
981	90	-0.0865664675372487
982	50	-0.129807838109074
982	90	-0.156032681526982
983	50	-0.0876525572741141
983	90	-0.162835643048689
984	50	-0.0339712470240082
984	90	-0.0824489999113859
985	50	-0.0868979671476437
985	90	-0.134978135516475
986	50	-0.0409129899003188
986	90	-0.1302690628573
987	50	-0.104723928716789
987	90	-0.117840953409162
988	50	-0.10161235845106
988	90	-0.13102435837671
989	50	-0.118519531623275
989	90	-0.152773800289495
990	50	-0.0960435733094104
990	90	-0.0949161806919356
991	50	-0.101029311840071
991	90	-0.141024833631133
992	50	-0.0771792707149315
992	90	-0.092496517607937
993	50	-0.162755843942659
993	90	-0.140045418595483
994	50	-0.0836785831070475
994	90	-0.101073056318554
995	50	0.0467067205521016
995	90	-0.053386418930242
996	50	-0.0214634552184945
996	90	-0.0980631839247665
997	50	-0.115101052074847
997	90	-0.163477709142587
998	50	-0.0765780311795345
998	90	-0.148951676647995
999	50	-0.0698341441897009
999	90	-0.110035084727517
1000	50	-0.0754548209188848
1000	90	-0.11328449312704
